20 25 21 26 22 27
100000 300000 600000 1000000 2000000 3500000
275 0 275 0 237
273 0 273 0 239
301 0 301 0 211
235 0 235 0 277
231 0 228 3 284
237 0 235 2 277
145 5 87 53 430
165 1 110 54 403
173 15 155 3 372
168 7 123 38 396
167 5 125 37 392
167 7 122 38 397
255 0 255 0 257
262 0 262 0 250
178 4 128 46 388
178 2 134 42 380
176 2 147 27 367
170 7 120 43 399
251 0 251 0 261
164 4 101 59 415
168 8 116 44 404
155 1 90 64 423
148 2 75 71 439
123 21 95 7 438
165 4 87 74 429
207 0 207 0 305
176 2 144 30 370
156 4 132 20 384
155 4 133 18 383
167 3 128 36 387
271 0 271 0 241
130 0 118 12 394
165 6 123 36 395
171 3 130 38 385
149 7 85 57 434
150 4 76 70 440
