
RESULT_NUMBER = 7
original key(len=512):
00000010001101000101011001111000100110101011110011011110111100011101110010111010100110000111011001010100001100100001000100010010001000110011010001000101010101100110011101111000100010011001101010101011101111001100110111011110111011110001111011101101110111001100101110111010101010011001100010000111011101100110010101010100010000110011001000100001000100000000000100010001001000100010001100110011010001000100010101010101011001100110011101110111100010001000100110011001101010101010101110111011110011001100110111011101
candidate_key(len=430):
1011011100101110110110111110011010110110101010101110110001000011011010010110101010100010000110111001000100001000100000000001101010001001010100010001100100110100010001000101010101010100110011011101010001001100101010101011011100110011011011101101110001110110110110110011001011011010101010011001100010001110110110011001010101010001000010011001000100011000100010010001000100110100010001010101011001100110111000100010011001010101010110
key.find(candidate_key) = -1
levenshtein_edit_dist(key, candidate_key) = 
({'I': 5, 'DIST': 145, 'D': 87, 'F': 53}, [510, 509, 508, 507, 506, 505, 503, 502, 501, 499, 497, 495, 494, 493, 492, 491, 490, 489, 485, 481, 477, 476, 475, 473, 471, 470, 468, 466, 465, 464, 463, 462, 461, 460, 459, 458, 457, 456, 455, 454, 453, 452, 451, 449, 448, 447, 446, 445, 444, 443, 442, 441, 440, 438, 437, 436, 434, 432, 428, 427, 426, 424, 423, 422, 420, 419, 418, 416, 414, 413, 412, 410, 408, 407, 405, 404, 403, 402, 401, 400, 399, 398, 397, 396, 395, 393, 391, 389, 388, 387, 385, 384, 381, 380, 378, 377, 376, 375, 374, 373, 371, 370, 369, 367, 366, 363, 362, 361, 359, 358, 357, 354, 351, 347, 346, 345, 344, 343, 342, 341, 340, 338, 334, 333, 332, 331, 330, 329, 328, 327, 325, 323, 321, 320, 318, 317, 315, 314, 313, 311, 310, 309, 308, 307, 306, 305, 304, 303, 302, 301, 300, 299, 298, 296, 295, 294, 292, 289, 288, 284, 283, 282, 281, 279, 276, 274, 273, 272, 270, 269, 268, 267, 266, 265, 264, 263, 260, 259, 258, 257, 256, 255, 254, 253, 252, 251, 250, 249, 248, 246, 245, 243, 242, 240, 239, 238, 236, 234, 233, 231, 230, 227, 226, 223, 222, 220, 218, 217, 216, 215, 214, 213, 212, 211, 210, 209, 208, 207, 206, 205, 201, 200, 197, 196, 195, 194, 193, 192, 191, 190, 189, 188, 186, 185, 182, 180, 179, 178, 177, 176, 175, 174, 173, 172, 170, 169, 168, 166, 164, 163, 162, 161, 160, 159, 157, 156, 154, 153, 152, 151, 150, 149, 148, 147, 145, 144, 143, 142, 141, 140, 139, 137, 135, 134, 133, 132, 131, 129, 128, 127, 125, 124, 122, 121, 119, 118, 117, 116, 115, 114, 113, 112, 111, 110, 109, 108, 106, 105, 104, 101, 100, 99, 97, 96, 95, 92, 91, 88, 87, 85, 84, 82, 80, 79, 78, 77, 76, 75, 73, 72, 71, 70, 69, 68, 67, 66, 65, 64, 62, 61, 60, 59, 55, 54, 53, 51, 49, 48, 47, 44, 42, 41, 40, 39, 38, 37, 36, 35, 34, 33, 32, 30, 29, 28, 27, 26, 25, 23, 22, 21, 20, 19, 17, 16, 13, 12, 11, 9, 8, 6, 4, 1])
SIMULATION = False
samples_num = 100000
result_df = 1487863
common_samples_df quantile = 0.6
common_samples_df = 404596
stitch_shift_size = 1
window_size = 25
allowCycle = False

RESULT_NUMBER = 8
original key(len=512):
00000010001101000101011001111000100110101011110011011110111100011101110010111010100110000111011001010100001100100001000100010010001000110011010001000101010101100110011101111000100010011001101010101011101111001100110111011110111011110001111011101101110111001100101110111010101010011001100010000111011101100110010101010100010000110011001000100001000100000000000100010001001000100010001100110011010001000100010101010101011001100110011101110111100010001000100110011001101010101010101110111011110011001100110111011101
candidate_key(len=403):
0100100011101110101010011110010010100110101001000100010001001001101010011100110111010101110011011101110001101100101101010011000011011001010100001001000010001000100100010001001101000100010101010110011001101110001000100110011010101010110111001100101101110110111000111011011011011001100101101101010101001100110001000011011011001100101010101000100001100110010001000010001000000000011000100010010001000100110
key.find(candidate_key) = -1
levenshtein_edit_dist(key, candidate_key) = 
({'I': 1, 'DIST': 165, 'D': 110, 'F': 54}, [510, 509, 508, 506, 502, 501, 499, 498, 495, 493, 491, 490, 485, 484, 481, 477, 476, 475, 473, 471, 470, 469, 467, 465, 464, 463, 462, 461, 458, 457, 454, 453, 451, 450, 449, 448, 447, 446, 445, 444, 443, 442, 441, 439, 436, 435, 432, 431, 430, 428, 427, 426, 425, 424, 423, 420, 419, 418, 416, 414, 413, 412, 411, 410, 409, 408, 407, 406, 405, 404, 403, 401, 400, 399, 397, 393, 392, 391, 390, 389, 387, 386, 385, 384, 381, 380, 378, 377, 376, 375, 374, 372, 371, 370, 367, 366, 365, 363, 362, 360, 359, 358, 356, 353, 350, 347, 346, 345, 343, 342, 341, 338, 334, 333, 331, 330, 329, 327, 326, 325, 321, 317, 316, 315, 313, 311, 310, 308, 307, 306, 305, 303, 302, 301, 300, 299, 298, 297, 296, 295, 294, 292, 290, 289, 288, 286, 285, 284, 283, 281, 280, 279, 278, 276, 275, 274, 273, 272, 271, 270, 269, 268, 267, 265, 264, 263, 261, 260, 259, 258, 256, 255, 254, 250, 249, 248, 247, 246, 245, 244, 243, 239, 238, 237, 234, 233, 231, 230, 228, 227, 226, 223, 222, 218, 217, 214, 211, 210, 209, 207, 206, 205, 203, 202, 201, 199, 197, 195, 194, 193, 191, 189, 188, 186, 185, 184, 182, 181, 180, 179, 178, 177, 176, 175, 174, 173, 171, 168, 167, 164, 163, 160, 159, 158, 156, 155, 154, 153, 152, 150, 149, 147, 145, 144, 143, 142, 140, 139, 138, 137, 136, 135, 133, 131, 130, 128, 126, 125, 124, 123, 121, 119, 118, 117, 116, 115, 112, 110, 108, 107, 106, 105, 104, 101, 100, 99, 98, 97, 96, 94, 93, 92, 91, 90, 88, 87, 84, 83, 82, 81, 80, 79, 78, 77, 76, 75, 73, 72, 71, 70, 69, 66, 65, 62, 61, 60, 59, 55, 54, 51, 50, 49, 47, 45, 44, 41, 39, 38, 37, 36, 34, 33, 32, 31, 30, 28, 27, 26, 25, 24, 23, 22, 21, 20, 19, 18, 17, 14, 13, 11, 10, 9, 8, 7, 6, 5, 4, 2])
SIMULATION = False
samples_num = 300000
result_df = 3179924
common_samples_df quantile = 0.6
common_samples_df = 1155074
stitch_shift_size = 1
window_size = 25
allowCycle = False

RESULT_NUMBER = 9
original key(len=512):
00000010001101000101011001111000100110101011110011011110111100011101110010111010100110000111011001010100001100100001000100010010001000110011010001000101010101100110011101111000100010011001101010101011101111001100110111011110111011110001111011101101110111001100101110111010101010011001100010000111011101100110010101010100010000110011001000100001000100000000000100010001001000100010001100110011010001000100010101010101011001100110011101110111100010001000100110011001101010101010101110111011110011001100110111011101
candidate_key(len=372):
010001001000100010111101010010101010101100111001100110101011100110111011100011011001011010100110000110110010101000011001000010001000100100010001001101000100010101010110011001101110001000100110011010101010110111001100110110111011011100011101101101101100110010110110101010100110011000100001101101100110010101010100010000110011001000100001000100000000000100010001001000100010
key.find(candidate_key) = -1
levenshtein_edit_dist(key, candidate_key) = 
({'I': 15, 'DIST': 173, 'D': 155, 'F': 3}, [510, 509, 506, 502, 499, 497, 495, 494, 491, 489, 485, 481, 480, 477, 475, 473, 472, 471, 469, 467, 466, 465, 462, 461, 458, 457, 454, 453, 451, 450, 449, 447, 444, 443, 442, 441, 440, 436, 432, 428, 427, 426, 424, 423, 420, 418, 416, 414, 413, 411, 410, 408, 407, 405, 404, 403, 402, 400, 397, 396, 395, 394, 393, 392, 391, 389, 387, 385, 383, 381, 378, 377, 376, 374, 370, 369, 368, 367, 363, 362, 359, 347, 346, 343, 338, 337, 336, 335, 333, 331, 329, 328, 325, 321, 317, 316, 314, 313, 311, 310, 308, 306, 304, 302, 300, 299, 296, 295, 292, 288, 284, 282, 280, 279, 278, 276, 275, 273, 272, 270, 269, 265, 264, 263, 261, 260, 257, 255, 253, 252, 250, 249, 248, 246, 245, 244, 242, 239, 234, 233, 231, 230, 229, 227, 226, 225, 223, 222, 221, 220, 218, 217, 216, 214, 213, 212, 211, 210, 209, 208, 207, 206, 205, 204, 203, 201, 200, 199, 197, 196, 195, 194, 193, 192, 191, 190, 189, 188, 187, 186, 185, 184, 183, 182, 181, 180, 179, 178, 177, 176, 175, 174, 173, 172, 171, 170, 168, 167, 166, 164, 163, 162, 161, 160, 159, 158, 157, 156, 155, 154, 153, 152, 151, 150, 149, 148, 147, 146, 145, 144, 143, 142, 141, 140, 139, 138, 137, 136, 135, 133, 132, 131, 130, 129, 128, 127, 126, 125, 124, 123, 122, 121, 120, 119, 118, 117, 116, 115, 114, 113, 112, 111, 110, 109, 108, 107, 106, 105, 104, 103, 102, 101, 100, 99, 98, 97, 96, 95, 94, 93, 92, 91, 90, 88, 87, 86, 85, 84, 83, 82, 81, 80, 79, 78, 77, 76, 75, 73, 72, 71, 70, 69, 68, 66, 65, 64, 62, 61, 60, 59, 58, 57, 55, 54, 53, 52, 50, 49, 48, 47, 46, 45, 44, 43, 42, 41, 40, 39, 38, 37, 36, 35, 34, 33, 32, 30, 29, 28, 27, 25, 24, 23, 22, 21, 20, 19, 18, 17, 16, 14, 13, 12, 11, 10, 9, 8, 7, 6, 5, 4, 3, 2, 1, 0])
SIMULATION = False
samples_num = 600000
result_df = 4693146
common_samples_df quantile = 0.6
common_samples_df = 1205231
stitch_shift_size = 1
window_size = 25
allowCycle = False

RESULT_NUMBER = 10
original key(len=512):
00000010001101000101011001111000100110101011110011011110111100011101110010111010100110000111011001010100001100100001000100010010001000110011010001000101010101100110011101111000100010011001101010101011101111001100110111011110111011110001111011101101110111001100101110111010101010011001100010000111011101100110010101010100010000110011001000100001000100000000000100010001001000100010001100110011010001000100010101010101011001100110011101110111100010001000100110011001101010101010101110111011110011001100110111011101
candidate_key(len=396):
010001000101100011001011010101010100110110010101001110001001101010111001101110111000110110010110101001100001101100101010000110010000100010001001000100010001100100110100010001000101010101010110011001101110001000100110011010101010110111001100110110111011011100011101101101101100110010110110101010100110011000100001101101100110010101010100010000110011001000100001000100000000000100010001001000100010
key.find(candidate_key) = -1
levenshtein_edit_dist(key, candidate_key) = 
({'I': 7, 'DIST': 168, 'D': 123, 'F': 38}, [510, 509, 506, 505, 502, 499, 498, 497, 495, 494, 493, 491, 490, 485, 484, 481, 477, 475, 474, 473, 471, 469, 467, 465, 462, 461, 458, 457, 454, 453, 452, 451, 450, 449, 448, 447, 446, 445, 444, 443, 442, 441, 440, 436, 432, 431, 430, 428, 427, 426, 425, 424, 423, 420, 419, 418, 416, 414, 413, 412, 411, 410, 409, 408, 407, 406, 405, 404, 403, 401, 397, 396, 395, 393, 391, 389, 387, 386, 385, 383, 382, 381, 380, 379, 377, 374, 373, 372, 371, 370, 367, 366, 365, 363, 359, 358, 357, 347, 346, 343, 342, 338, 337, 334, 333, 331, 330, 329, 327, 326, 325, 321, 320, 319, 317, 315, 314, 312, 311, 309, 308, 306, 305, 304, 302, 301, 300, 299, 298, 296, 295, 294, 293, 292, 291, 290, 288, 284, 283, 282, 280, 279, 278, 276, 274, 272, 271, 270, 268, 265, 264, 263, 261, 259, 257, 256, 255, 254, 253, 252, 251, 250, 249, 248, 246, 245, 243, 242, 240, 239, 238, 236, 235, 234, 233, 231, 230, 227, 226, 223, 222, 218, 217, 216, 215, 214, 213, 212, 211, 210, 209, 208, 207, 206, 205, 204, 202, 201, 200, 197, 196, 195, 194, 193, 192, 191, 190, 189, 186, 185, 184, 182, 181, 180, 179, 178, 177, 176, 175, 172, 169, 168, 166, 165, 164, 163, 161, 160, 159, 157, 156, 154, 153, 152, 150, 149, 148, 147, 146, 145, 144, 143, 142, 141, 140, 137, 136, 135, 133, 132, 130, 129, 128, 127, 125, 123, 122, 120, 119, 118, 117, 115, 114, 111, 109, 108, 107, 106, 105, 104, 102, 101, 100, 99, 98, 97, 96, 95, 94, 93, 92, 91, 90, 88, 87, 86, 84, 83, 82, 80, 79, 78, 77, 76, 75, 74, 73, 72, 71, 68, 67, 66, 64, 62, 61, 60, 59, 58, 57, 55, 54, 52, 50, 49, 47, 46, 45, 44, 43, 42, 41, 40, 39, 38, 37, 36, 34, 32, 31, 29, 28, 27, 25, 24, 23, 22, 21, 20, 18, 17, 13, 12, 11, 9, 8, 7, 6, 5, 4, 3, 1])
SIMULATION = False
samples_num = 1000000
result_df = 5903453
common_samples_df quantile = 0.6
common_samples_df = 1786221
stitch_shift_size = 1
window_size = 25
allowCycle = False

RESULT_NUMBER = 11
original key(len=512):
00000010001101000101011001111000100110101011110011011110111100011101110010111010100110000111011001010100001100100001000100010010001000110011010001000101010101100110011101111000100010011001101010101011101111001100110111011110111011110001111011101101110111001100101110111010101010011001100010000111011101100110010101010100010000110011001000100001000100000000000100010001001000100010001100110011010001000100010101010101011001100110011101110111100010001000100110011001101010101010101110111011110011001100110111011101
candidate_key(len=392):
00010111001100101010011010100101101000101010011100010011010101110011011101110001101100101101010011000011011001010100001100100001000100010010001000100011001100110100010001000101010101010110011001101110001000100110011010101010110111001100110110111011011100011101101101101100110010110110101010100110011000100001101101100110010101010100010000110011001000100001000100000000000100010001001000100010
key.find(candidate_key) = -1
levenshtein_edit_dist(key, candidate_key) = 
({'I': 5, 'DIST': 167, 'D': 125, 'F': 37}, [510, 509, 506, 505, 502, 499, 498, 497, 495, 494, 493, 491, 490, 485, 484, 481, 477, 475, 474, 473, 471, 469, 467, 465, 462, 461, 458, 457, 454, 453, 452, 451, 450, 449, 448, 447, 446, 445, 444, 443, 442, 441, 440, 436, 432, 431, 430, 428, 427, 426, 425, 424, 423, 420, 419, 418, 416, 414, 413, 412, 411, 410, 409, 408, 407, 406, 405, 404, 403, 401, 397, 396, 395, 393, 391, 389, 387, 386, 385, 383, 382, 381, 380, 379, 377, 374, 373, 372, 371, 370, 367, 366, 365, 363, 359, 358, 357, 347, 346, 343, 342, 338, 337, 334, 333, 331, 330, 329, 327, 326, 325, 321, 320, 319, 317, 315, 314, 312, 311, 309, 308, 306, 305, 304, 302, 301, 300, 299, 298, 296, 295, 294, 293, 292, 291, 290, 288, 284, 283, 282, 280, 279, 278, 276, 274, 272, 271, 270, 268, 265, 264, 263, 261, 259, 257, 256, 255, 254, 253, 252, 251, 250, 249, 248, 246, 245, 243, 242, 240, 239, 238, 236, 235, 234, 233, 231, 230, 227, 226, 223, 222, 218, 217, 216, 215, 214, 213, 212, 211, 210, 209, 208, 207, 206, 205, 204, 201, 200, 197, 196, 195, 194, 193, 192, 191, 190, 189, 188, 186, 185, 182, 180, 179, 178, 177, 176, 175, 174, 173, 172, 170, 169, 168, 166, 165, 164, 163, 162, 161, 160, 159, 157, 156, 154, 153, 152, 150, 149, 148, 147, 145, 144, 143, 142, 141, 140, 137, 136, 135, 133, 132, 131, 130, 129, 128, 126, 125, 124, 122, 121, 119, 118, 116, 115, 114, 113, 110, 109, 107, 106, 105, 104, 103, 102, 101, 98, 97, 96, 94, 92, 91, 90, 88, 86, 85, 84, 83, 82, 80, 79, 77, 76, 75, 74, 73, 72, 70, 69, 68, 66, 65, 64, 63, 62, 60, 59, 57, 56, 55, 53, 50, 49, 48, 47, 46, 45, 43, 42, 41, 39, 38, 37, 36, 35, 34, 32, 31, 30, 29, 28, 26, 25, 24, 23, 22, 20, 19, 18, 17, 16, 15, 13, 11, 9, 8, 6, 4, 2, 1, 0])
SIMULATION = False
samples_num = 2000000
result_df = 7954233
common_samples_df quantile = 0.6
common_samples_df = 2920501
stitch_shift_size = 1
window_size = 25
allowCycle = False

RESULT_NUMBER = 12
original key(len=512):
00000010001101000101011001111000100110101011110011011110111100011101110010111010100110000111011001010100001100100001000100010010001000110011010001000101010101100110011101111000100010011001101010101011101111001100110111011110111011110001111011101101110111001100101110111010101010011001100010000111011101100110010101010100010000110011001000100001000100000000000100010001001000100010001100110011010001000100010101010101011001100110011101110111100010001000100110011001101010101010101110111011110011001100110111011101
candidate_key(len=397):
0001011011011010011101011010100010001011001101010011100110011010101110011011101110001101100101101010011000011011001010100001100100001000100010010001000100011001100110100010001000101010101010110011001101110001000100110011010101010110111001100110110111011011100011101101101101100110010110110101010100110011000100001101101100110010101010100010000110011001000100001000100000000000100010001001000100010
key.find(candidate_key) = -1
levenshtein_edit_dist(key, candidate_key) = 
({'I': 7, 'DIST': 167, 'D': 122, 'F': 38}, [510, 509, 506, 505, 502, 499, 498, 497, 495, 494, 493, 491, 490, 485, 484, 481, 477, 475, 474, 473, 471, 469, 467, 465, 462, 461, 458, 457, 454, 453, 452, 451, 450, 449, 448, 447, 446, 445, 444, 443, 442, 441, 440, 436, 432, 431, 430, 428, 427, 426, 425, 424, 423, 420, 419, 418, 416, 414, 413, 412, 411, 410, 409, 408, 407, 406, 405, 404, 403, 401, 397, 396, 395, 393, 391, 389, 387, 386, 385, 383, 382, 381, 380, 379, 377, 374, 373, 372, 371, 370, 367, 366, 365, 363, 359, 358, 357, 347, 346, 343, 342, 338, 337, 334, 333, 331, 330, 329, 327, 326, 325, 321, 320, 319, 317, 315, 314, 312, 311, 309, 308, 306, 305, 304, 302, 301, 300, 299, 298, 296, 295, 294, 293, 292, 291, 290, 288, 284, 283, 282, 280, 279, 278, 276, 274, 272, 271, 270, 268, 265, 264, 263, 261, 259, 257, 256, 255, 254, 253, 252, 251, 250, 249, 248, 246, 245, 243, 242, 240, 239, 238, 236, 235, 234, 233, 231, 230, 227, 226, 223, 222, 218, 217, 216, 215, 214, 213, 212, 211, 210, 209, 208, 207, 206, 205, 204, 201, 200, 197, 196, 195, 194, 193, 192, 191, 190, 189, 188, 186, 185, 182, 180, 179, 178, 177, 176, 175, 174, 173, 172, 170, 169, 168, 166, 165, 164, 163, 162, 161, 160, 159, 157, 156, 154, 153, 152, 150, 149, 148, 147, 145, 144, 143, 142, 141, 140, 137, 136, 135, 133, 132, 131, 130, 129, 128, 126, 125, 124, 122, 120, 119, 118, 117, 116, 115, 113, 111, 109, 108, 107, 106, 105, 104, 102, 101, 100, 99, 98, 97, 96, 95, 94, 93, 92, 91, 90, 88, 87, 86, 84, 83, 82, 80, 79, 78, 77, 76, 75, 74, 73, 72, 71, 68, 67, 66, 64, 63, 62, 61, 59, 58, 57, 55, 54, 52, 50, 49, 48, 47, 46, 45, 44, 42, 41, 39, 38, 37, 34, 33, 32, 31, 29, 28, 27, 25, 24, 22, 21, 20, 18, 17, 16, 13, 12, 11, 10, 9, 6, 5, 3, 2, 1])
SIMULATION = False
samples_num = 3500000
result_df = 9916595
common_samples_df quantile = 0.6
common_samples_df = 3263257
stitch_shift_size = 1
window_size = 25
allowCycle = False
