
RESULT_NUMBER = 1
original key(len=512):
00000010001101000101011001111000100110101011110011011110111100011101110010111010100110000111011001010100001100100001000100010010001000110011010001000101010101100110011101111000100010011001101010101011101111001100110111011110111011110001111011101101110111001100101110111010101010011001100010000111011101100110010101010100010000110011001000100001000100000000000100010001001000100010001100110011010001000100010101010101011001100110011101110111100010001000100110011001101010101010101110111011110011001100110111011101
candidate_key(len=237):
010101011110101011001001010011001010100001101101001100101010101011011100110011011011101101110001110110110110110011001011011010101010011001101110001000100110011010101010101011011011100110010011011011100010001000100110010011010101010101011
key.find(candidate_key) = -1
levenshtein_edit_dist(key, candidate_key) = 
({'I': 0, 'DIST': 275, 'D': 275, 'F': 0}, [511, 509, 506, 505, 502, 501, 499, 497, 495, 493, 491, 489, 485, 484, 481, 480, 479, 477, 475, 474, 473, 471, 470, 468, 467, 465, 464, 462, 461, 458, 456, 454, 453, 451, 448, 447, 446, 445, 444, 440, 439, 436, 435, 434, 432, 431, 430, 428, 427, 426, 424, 423, 422, 421, 420, 419, 418, 417, 415, 414, 413, 411, 410, 409, 407, 406, 405, 404, 401, 400, 397, 396, 393, 392, 391, 389, 387, 385, 383, 382, 381, 380, 378, 374, 373, 372, 370, 369, 368, 366, 363, 362, 361, 360, 359, 347, 343, 342, 338, 334, 333, 332, 331, 330, 329, 328, 327, 325, 321, 320, 317, 316, 315, 314, 313, 311, 310, 309, 306, 304, 302, 300, 296, 295, 294, 292, 291, 288, 284, 282, 280, 279, 278, 276, 274, 273, 272, 270, 269, 268, 267, 266, 265, 261, 259, 257, 256, 253, 250, 249, 248, 246, 245, 244, 242, 239, 238, 237, 234, 231, 230, 227, 223, 222, 221, 218, 214, 213, 212, 209, 207, 205, 204, 201, 200, 197, 196, 195, 194, 193, 192, 191, 190, 189, 186, 184, 183, 182, 181, 180, 179, 176, 172, 168, 167, 166, 164, 163, 160, 159, 158, 156, 155, 154, 153, 152, 150, 149, 145, 144, 143, 141, 140, 139, 137, 136, 135, 133, 132, 130, 126, 125, 123, 122, 119, 118, 115, 110, 107, 106, 105, 101, 100, 99, 98, 97, 96])
SIMULATION = False
samples_num = 100000
result_df = 484675
common_samples_df quantile = 0.6
common_samples_df = 183238
stitch_shift_size = 1
window_size = 20
allowCycle = False

RESULT_NUMBER = 2
original key(len=512):
00000010001101000101011001111000100110101011110011011110111100011101110010111010100110000111011001010100001100100001000100010010001000110011010001000101010101100110011101111000100010011001101010101011101111001100110111011110111011110001111011101101110111001100101110111010101010011001100010000111011101100110010101010100010000110011001000100001000100000000000100010001001000100010001100110011010001000100010101010101011001100110011101110111100010001000100110011001101010101010101110111011110011001100110111011101
candidate_key(len=239):
00100010111001011100101001010011011000100101101101001100101010101011011100110011011011101101110001110110110110110011001011011010101010011001101110001000100110011010101010101011011011100110010011011011100010001000100110010011010101010101011
key.find(candidate_key) = -1
levenshtein_edit_dist(key, candidate_key) = 
({'I': 0, 'DIST': 273, 'D': 273, 'F': 0}, [511, 509, 506, 505, 502, 501, 499, 497, 495, 493, 491, 489, 485, 484, 481, 480, 479, 477, 475, 474, 473, 471, 470, 468, 467, 465, 464, 462, 461, 458, 456, 454, 453, 451, 448, 447, 446, 445, 444, 440, 439, 436, 435, 434, 432, 431, 430, 428, 427, 426, 424, 423, 422, 421, 420, 419, 418, 417, 415, 414, 413, 411, 410, 409, 407, 406, 405, 404, 401, 400, 397, 396, 393, 392, 391, 389, 387, 385, 383, 382, 381, 380, 378, 374, 373, 372, 370, 369, 368, 366, 363, 362, 361, 360, 359, 347, 343, 342, 338, 334, 333, 332, 331, 330, 329, 328, 327, 325, 321, 320, 317, 316, 315, 314, 313, 311, 310, 309, 306, 304, 302, 300, 296, 295, 294, 292, 291, 288, 284, 282, 280, 279, 278, 276, 274, 273, 272, 270, 269, 268, 267, 266, 265, 261, 259, 257, 256, 253, 250, 249, 248, 246, 245, 244, 242, 239, 238, 237, 234, 231, 230, 227, 223, 222, 221, 218, 214, 213, 212, 209, 207, 205, 204, 201, 200, 197, 196, 195, 194, 193, 192, 191, 190, 189, 186, 184, 183, 182, 181, 180, 179, 176, 172, 168, 167, 166, 164, 162, 160, 159, 158, 156, 154, 152, 151, 149, 148, 145, 141, 140, 137, 135, 133, 130, 129, 128, 126, 125, 123, 122, 121, 119, 115, 110, 109, 107, 105, 104, 101, 99, 97, 96, 94, 92, 88, 87, 84, 82, 81])
SIMULATION = False
samples_num = 300000
result_df = 672889
common_samples_df quantile = 0.6
common_samples_df = 251895
stitch_shift_size = 1
window_size = 20
allowCycle = False

RESULT_NUMBER = 3
original key(len=512):
00000010001101000101011001111000100110101011110011011110111100011101110010111010100110000111011001010100001100100001000100010010001000110011010001000101010101100110011101111000100010011001101010101011101111001100110111011110111011110001111011101101110111001100101110111010101010011001100010000111011101100110010101010100010000110011001000100001000100000000000100010001001000100010001100110011010001000100010101010101011001100110011101110111100010001000100110011001101010101010101110111011110011001100110111011101
candidate_key(len=211):
0001011110101010001101010010010001000111011010011001010101010110111001100110110111011011100011101101101101100110010110110101010100110011001101101110001000100010011001001101010101010101101101110011001100110110111
key.find(candidate_key) = -1
levenshtein_edit_dist(key, candidate_key) = 
({'I': 0, 'DIST': 301, 'D': 301, 'F': 0}, [511, 509, 508, 506, 505, 504, 502, 501, 500, 499, 498, 497, 496, 495, 494, 493, 492, 491, 490, 489, 488, 487, 485, 484, 483, 481, 480, 479, 477, 476, 475, 474, 473, 472, 471, 470, 469, 468, 467, 466, 465, 464, 463, 462, 461, 460, 458, 457, 456, 455, 454, 453, 452, 451, 450, 449, 448, 447, 446, 445, 444, 443, 442, 441, 440, 439, 438, 436, 435, 434, 432, 431, 430, 428, 427, 426, 425, 424, 423, 422, 421, 420, 419, 418, 416, 415, 414, 413, 412, 411, 410, 409, 407, 406, 405, 401, 400, 397, 396, 395, 393, 391, 389, 388, 387, 386, 385, 383, 382, 381, 378, 374, 373, 370, 367, 366, 363, 359, 347, 346, 345, 344, 343, 338, 334, 333, 331, 330, 329, 327, 326, 321, 320, 317, 315, 314, 313, 311, 310, 308, 306, 305, 304, 303, 302, 301, 299, 296, 295, 294, 292, 288, 287, 284, 282, 280, 278, 276, 275, 274, 273, 271, 270, 268, 265, 261, 260, 259, 257, 256, 255, 253, 252, 251, 250, 246, 243, 242, 239, 234, 233, 231, 227, 223, 222, 218, 214, 213, 211, 209, 207, 205, 204, 201, 197, 195, 194, 193, 192, 191, 190, 189, 188, 187, 184, 183, 182, 180, 179, 178, 177])
SIMULATION = False
samples_num = 600000
result_df = 772115
common_samples_df quantile = 0.6
common_samples_df = 296030
stitch_shift_size = 1
window_size = 20
allowCycle = False

RESULT_NUMBER = 4
original key(len=512):
00000010001101000101011001111000100110101011110011011110111100011101110010111010100110000111011001010100001100100001000100010010001000110011010001000101010101100110011101111000100010011001101010101011101111001100110111011110111011110001111011101101110111001100101110111010101010011001100010000111011101100110010101010100010000110011001000100001000100000000000100010001001000100010001100110011010001000100010101010101011001100110011101110111100010001000100110011001101010101010101110111011110011001100110111011101
candidate_key(len=277):
0000001000000000000100000011010001010110011100010011010101110011011101110001101100101101010011000011011001010100001100100001000100010010001000100110100010001010101010101100110011011100010001001100110101010101010110110111001100110011011011100010001000100110010011010101010101011
key.find(candidate_key) = -1
levenshtein_edit_dist(key, candidate_key) = 
({'I': 0, 'DIST': 235, 'D': 235, 'F': 0}, [511, 509, 506, 505, 502, 501, 499, 497, 495, 493, 491, 489, 485, 484, 481, 480, 479, 477, 475, 474, 473, 471, 470, 468, 467, 465, 464, 462, 461, 458, 456, 454, 453, 451, 448, 447, 446, 445, 444, 440, 439, 436, 435, 434, 432, 431, 430, 428, 427, 426, 425, 424, 423, 422, 421, 420, 419, 418, 417, 415, 414, 413, 411, 410, 409, 407, 406, 405, 404, 401, 400, 397, 396, 393, 392, 391, 389, 387, 385, 383, 382, 381, 380, 378, 374, 373, 372, 370, 369, 368, 366, 363, 362, 361, 360, 359, 347, 343, 342, 338, 334, 333, 332, 331, 330, 329, 328, 327, 326, 325, 321, 320, 317, 316, 315, 314, 313, 312, 311, 310, 309, 308, 307, 304, 302, 300, 296, 292, 288, 287, 284, 283, 282, 281, 280, 278, 277, 275, 274, 273, 271, 269, 268, 265, 261, 260, 259, 258, 255, 253, 250, 246, 243, 242, 239, 234, 233, 232, 231, 227, 223, 222, 221, 218, 214, 211, 210, 209, 207, 205, 201, 200, 197, 195, 194, 192, 191, 190, 188, 186, 185, 182, 181, 180, 176, 175, 174, 172, 168, 167, 164, 162, 161, 160, 158, 156, 154, 153, 151, 150, 149, 145, 144, 143, 142, 141, 139, 138, 137, 135, 134, 130, 129, 126, 123, 122, 121, 119, 115, 110, 109, 107, 105, 101, 100, 99, 97, 96, 95, 94, 92, 88, 87, 84, 83, 80, 79, 77, 76, 75, 73, 72, 71, 69, 66, 62, 61, 59, 55, 54, 53, 50, 47, 46, 41, 39, 37, 36, 34, 33, 31, 30, 29, 24, 23, 20, 18, 16, 15, 14, 13, 12, 9, 8, 7, 5, 4])
SIMULATION = False
samples_num = 1000000
result_df = 826113
common_samples_df quantile = 0.6
common_samples_df = 324629
stitch_shift_size = 1
window_size = 20
allowCycle = False

RESULT_NUMBER = 5
original key(len=512):
00000010001101000101011001111000100110101011110011011110111100011101110010111010100110000111011001010100001100100001000100010010001000110011010001000101010101100110011101111000100010011001101010101011101111001100110111011110111011110001111011101101110111001100101110111010101010011001100010000111011101100110010101010100010000110011001000100001000100000000000100010001001000100010001100110011010001000100010101010101011001100110011101110111100010001000100110011001101010101010101110111011110011001100110111011101
candidate_key(len=284):
00000000010000000001000000000000100000011010001010110011100010011010101110011011101110001101100101101010011000011011001010100001100100001000100010010001000100011001100110100010001010101010101100110011011100010001001100110101010101010110110111001100110011011011100010001000100110011010
key.find(candidate_key) = -1
levenshtein_edit_dist(key, candidate_key) = 
({'I': 0, 'DIST': 231, 'D': 228, 'F': 3}, [510, 509, 506, 505, 504, 502, 501, 500, 499, 498, 497, 495, 494, 493, 491, 490, 485, 484, 481, 477, 475, 474, 472, 470, 469, 468, 466, 465, 464, 463, 462, 461, 460, 459, 458, 457, 456, 455, 454, 453, 452, 448, 444, 443, 440, 439, 436, 435, 434, 432, 431, 429, 428, 426, 424, 422, 420, 418, 416, 415, 414, 413, 411, 410, 408, 407, 405, 404, 403, 401, 400, 399, 398, 397, 396, 395, 394, 393, 391, 390, 389, 387, 386, 385, 384, 383, 382, 381, 380, 378, 374, 373, 370, 369, 367, 366, 363, 362, 359, 358, 347, 346, 343, 342, 341, 340, 338, 337, 336, 335, 334, 333, 331, 330, 329, 328, 327, 326, 325, 324, 321, 317, 316, 314, 312, 311, 310, 308, 307, 306, 304, 303, 300, 299, 296, 292, 288, 287, 286, 285, 284, 282, 281, 278, 276, 275, 273, 271, 269, 268, 265, 261, 260, 257, 255, 254, 250, 246, 245, 243, 242, 239, 238, 234, 233, 231, 230, 227, 226, 225, 223, 218, 214, 211, 209, 208, 207, 206, 205, 201, 200, 197, 196, 194, 193, 192, 191, 189, 188, 187, 186, 184, 183, 182, 181, 179, 176, 172, 171, 168, 167, 166, 165, 164, 162, 161, 160, 159, 158, 157, 155, 154, 153, 152, 151, 150, 149, 145, 144, 143, 141, 140, 137, 136, 135, 134, 130, 129, 128, 126, 123, 122, 119, 118, 115, 114, 113, 112, 110, 109, 107, 106, 105, 104, 103, 102, 100, 98, 97, 96, 95, 92, 88, 87, 86, 85, 82, 81, 79, 77, 73, 72, 71, 70, 66, 62, 61, 60, 55, 50, 47, 45, 41, 39, 37, 34, 33, 31, 30, 29, 24])
SIMULATION = False
samples_num = 2000000
result_df = 892530
common_samples_df quantile = 0.6
common_samples_df = 356814
stitch_shift_size = 1
window_size = 20
allowCycle = False

RESULT_NUMBER = 6
original key(len=512):
00000010001101000101011001111000100110101011110011011110111100011101110010111010100110000111011001010100001100100001000100010010001000110011010001000101010101100110011101111000100010011001101010101011101111001100110111011110111011110001111011101101110111001100101110111010101010011001100010000111011101100110010101010100010000110011001000100001000100000000000100010001001000100010001100110011010001000100010101010101011001100110011101110111100010001000100110011001101010101010101110111011110011001100110111011101
candidate_key(len=277):
0100010010100101000000000101010001010001010110011100010011010101110011011101110001101100101101010011000011011001010100001100100001000100010010001000100011001100110100010001010101010101100110011011100010001001100110101010101010110110111001100110011011011100010001000100110011010
key.find(candidate_key) = -1
levenshtein_edit_dist(key, candidate_key) = 
({'I': 0, 'DIST': 237, 'D': 235, 'F': 2}, [510, 509, 506, 505, 504, 502, 499, 497, 496, 495, 494, 493, 491, 490, 485, 484, 481, 477, 475, 474, 473, 471, 469, 468, 466, 464, 462, 460, 459, 458, 456, 455, 454, 453, 452, 448, 447, 446, 444, 440, 436, 432, 431, 430, 429, 428, 426, 425, 424, 422, 421, 420, 418, 416, 415, 414, 413, 412, 411, 410, 409, 408, 407, 406, 405, 401, 400, 399, 397, 393, 392, 389, 387, 385, 384, 381, 378, 377, 376, 375, 374, 370, 367, 366, 363, 359, 358, 357, 347, 343, 342, 341, 338, 334, 333, 331, 329, 327, 325, 321, 320, 317, 316, 315, 314, 313, 312, 310, 308, 306, 304, 303, 300, 299, 296, 295, 294, 292, 291, 288, 287, 286, 284, 283, 282, 281, 278, 276, 275, 273, 271, 270, 269, 265, 261, 260, 259, 258, 257, 255, 254, 250, 249, 246, 243, 239, 238, 234, 233, 232, 227, 226, 223, 218, 217, 216, 214, 211, 210, 207, 205, 201, 200, 197, 196, 195, 193, 192, 190, 189, 188, 187, 186, 185, 182, 181, 180, 176, 175, 174, 172, 168, 167, 164, 162, 161, 160, 158, 156, 154, 153, 151, 150, 149, 145, 144, 143, 142, 141, 139, 138, 137, 135, 134, 130, 129, 126, 123, 122, 121, 119, 115, 110, 109, 107, 105, 101, 100, 99, 97, 96, 95, 94, 92, 88, 87, 84, 83, 80, 79, 77, 76, 75, 73, 72, 71, 69, 66, 62, 61, 59, 55, 54, 50, 47, 46, 45, 41, 40, 39, 38, 37, 34, 33, 31, 30, 29, 24, 23, 20, 19, 18, 17, 16, 15, 13, 12, 11, 9, 8, 6, 5, 4, 3, 1])
SIMULATION = False
samples_num = 3500000
result_df = 937424
common_samples_df quantile = 0.6
common_samples_df = 369625
stitch_shift_size = 1
window_size = 20
allowCycle = False
