
RESULT_NUMBER = 13
original key(len=512):
00000010001101000101011001111000100110101011110011011110111100011101110010111010100110000111011001010100001100100001000100010010001000110011010001000101010101100110011101111000100010011001101010101011101111001100110111011110111011110001111011101101110111001100101110111010101010011001100010000111011101100110010101010100010000110011001000100001000100000000000100010001001000100010001100110011010001000100010101010101011001100110011101110111100010001000100110011001101010101010101110111011110011001100110111011101
candidate_key(len=257):
10101001100111100101010101011101101101110011001100110110111000100010001001100100110101010101010110110111001100100110110110101010101110011001101110001000100110011010101010110111001100110110111011011100011101101101101100110010110110101010100110011011100010001
key.find(candidate_key) = -1
levenshtein_edit_dist(key, candidate_key) = 
({'I': 0, 'DIST': 255, 'D': 255, 'F': 0}, [511, 510, 506, 502, 501, 499, 498, 495, 493, 492, 489, 485, 484, 483, 481, 477, 476, 474, 473, 471, 470, 469, 468, 467, 466, 465, 464, 462, 460, 459, 458, 456, 455, 454, 452, 451, 450, 448, 444, 443, 442, 440, 439, 436, 435, 434, 432, 431, 430, 428, 426, 425, 424, 422, 421, 418, 416, 414, 412, 411, 409, 407, 406, 405, 401, 400, 397, 393, 391, 389, 387, 386, 385, 383, 382, 381, 380, 378, 374, 373, 372, 370, 367, 363, 362, 359, 347, 346, 343, 342, 338, 337, 334, 333, 331, 329, 327, 326, 325, 324, 321, 317, 316, 314, 313, 312, 310, 308, 306, 304, 303, 300, 299, 298, 297, 296, 295, 294, 292, 291, 288, 284, 282, 281, 280, 279, 276, 275, 274, 273, 272, 271, 270, 269, 268, 265, 264, 263, 261, 260, 257, 255, 253, 252, 250, 246, 245, 243, 239, 238, 237, 234, 233, 231, 230, 229, 227, 226, 225, 223, 222, 221, 218, 217, 214, 213, 211, 209, 207, 205, 201, 200, 197, 196, 195, 194, 192, 191, 189, 188, 186, 185, 184, 183, 182, 181, 180, 179, 178, 177, 176, 175, 174, 173, 172, 168, 164, 163, 162, 161, 158, 156, 155, 153, 152, 151, 149, 148, 147, 145, 141, 140, 137, 135, 134, 133, 132, 130, 126, 123, 122, 119, 115, 114, 110, 107, 105, 101, 99, 97, 96, 94, 92, 91, 88, 84, 82, 80, 79, 78, 77, 73, 72, 69, 68, 67, 66, 62, 59, 58, 55, 50, 49, 47, 45, 41, 40])
SIMULATION = False
samples_num = 100000
result_df = 685470
common_samples_df quantile = 0.6
common_samples_df = 258702
stitch_shift_size = 1
window_size = 21
allowCycle = False

RESULT_NUMBER = 14
original key(len=512):
00000010001101000101011001111000100110101011110011011110111100011101110010111010100110000111011001010100001100100001000100010010001000110011010001000101010101100110011101111000100010011001101010101011101111001100110111011110111011110001111011101101110111001100101110111010101010011001100010000111011101100110010101010100010000110011001000100001000100000000000100010001001000100010001100110011010001000100010101010101011001100110011101110111100010001000100110011001101010101010101110111011110011001100110111011101
candidate_key(len=250):
0010010001010100011111010101010101110110110111001100110011011011100010001000100110010011010101010101011011011100110010011011011011011100011101101101101100110010110110101010100110011011100010001001100110101010101101110011001101101110110111000111011011
key.find(candidate_key) = -1
levenshtein_edit_dist(key, candidate_key) = 
({'I': 0, 'DIST': 262, 'D': 262, 'F': 0}, [511, 509, 506, 505, 504, 502, 501, 500, 497, 495, 494, 491, 489, 488, 487, 485, 484, 483, 481, 480, 479, 478, 477, 476, 474, 473, 472, 470, 469, 467, 466, 464, 462, 461, 460, 459, 456, 454, 452, 448, 447, 444, 443, 440, 436, 435, 432, 431, 428, 426, 425, 424, 423, 422, 421, 420, 419, 418, 416, 414, 412, 411, 410, 408, 406, 405, 401, 397, 396, 393, 391, 389, 388, 387, 386, 385, 384, 383, 381, 378, 377, 374, 373, 370, 369, 367, 363, 362, 359, 347, 346, 343, 342, 341, 338, 334, 333, 332, 331, 330, 329, 327, 326, 325, 321, 317, 316, 315, 313, 312, 311, 309, 306, 304, 303, 300, 299, 298, 297, 296, 295, 294, 292, 288, 284, 282, 280, 279, 278, 276, 274, 273, 271, 270, 269, 265, 264, 263, 261, 259, 257, 256, 253, 250, 249, 248, 246, 245, 244, 243, 242, 239, 238, 234, 231, 227, 226, 223, 222, 218, 217, 214, 213, 212, 211, 210, 209, 207, 206, 205, 204, 201, 197, 196, 195, 193, 191, 190, 189, 186, 185, 184, 182, 181, 179, 176, 172, 171, 168, 167, 166, 164, 162, 161, 160, 159, 158, 157, 156, 154, 153, 151, 150, 148, 145, 141, 139, 137, 135, 134, 133, 130, 126, 125, 123, 119, 115, 114, 110, 109, 107, 105, 101, 100, 99, 98, 97, 96, 94, 93, 91, 90, 89, 88, 87, 86, 84, 82, 80, 79, 78, 77, 73, 71, 69, 66, 62, 59, 55, 50])
SIMULATION = False
samples_num = 300000
result_df = 1047542
common_samples_df quantile = 0.6
common_samples_df = 370748
stitch_shift_size = 1
window_size = 21
allowCycle = False

RESULT_NUMBER = 15
original key(len=512):
00000010001101000101011001111000100110101011110011011110111100011101110010111010100110000111011001010100001100100001000100010010001000110011010001000101010101100110011101111000100010011001101010101011101111001100110111011110111011110001111011101101110111001100101110111010101010011001100010000111011101100110010101010100010000110011001000100001000100000000000100010001001000100010001100110011010001000100010101010101011001100110011101110111100010001000100110011001101010101010101110111011110011001100110111011101
candidate_key(len=388):
0000000100000001000000000010000000000000100000011010001010110011100010011010101110011011101110001101100101101010011000011011001010100001100100001000100010010001000100110100010001010101011001100110111000100010011001101010101011011100110011011011101101110001110110110110110011001011011010101010011001100010000110110110011001010101010001000011001100100010000100010000000000010001000100100010
key.find(candidate_key) = -1
levenshtein_edit_dist(key, candidate_key) = 
({'I': 4, 'DIST': 178, 'D': 128, 'F': 46}, [510, 509, 506, 502, 499, 497, 495, 494, 493, 491, 490, 485, 484, 481, 477, 475, 474, 473, 471, 469, 467, 465, 462, 461, 458, 457, 454, 453, 452, 451, 450, 449, 448, 447, 446, 445, 444, 443, 442, 441, 440, 436, 432, 431, 430, 428, 427, 426, 425, 424, 423, 420, 419, 418, 416, 414, 413, 412, 411, 410, 409, 408, 407, 406, 405, 404, 403, 401, 397, 396, 395, 393, 391, 389, 387, 386, 385, 383, 382, 381, 380, 379, 377, 374, 373, 372, 371, 370, 367, 366, 365, 363, 359, 358, 357, 347, 346, 343, 342, 338, 337, 334, 333, 331, 330, 329, 327, 326, 325, 321, 320, 319, 317, 315, 314, 312, 311, 309, 308, 306, 305, 304, 302, 301, 300, 299, 298, 296, 295, 294, 293, 292, 291, 290, 288, 284, 283, 282, 280, 279, 278, 276, 274, 272, 271, 270, 268, 265, 264, 263, 261, 259, 257, 256, 255, 254, 253, 252, 251, 250, 249, 248, 246, 245, 243, 242, 240, 239, 238, 236, 235, 234, 233, 231, 230, 227, 226, 223, 222, 218, 217, 216, 215, 214, 213, 212, 211, 210, 209, 208, 207, 206, 205, 204, 202, 201, 200, 198, 197, 196, 195, 193, 192, 191, 189, 188, 186, 184, 183, 182, 181, 180, 179, 178, 177, 176, 175, 174, 173, 172, 169, 168, 165, 164, 163, 161, 160, 159, 156, 155, 154, 152, 151, 149, 148, 147, 146, 144, 142, 141, 140, 139, 137, 136, 135, 134, 133, 130, 129, 128, 127, 125, 123, 122, 121, 120, 119, 118, 115, 114, 112, 111, 110, 108, 107, 106, 105, 104, 103, 101, 99, 98, 97, 94, 93, 92, 91, 90, 88, 87, 84, 83, 82, 80, 79, 78, 77, 76, 75, 73, 72, 71, 70, 69, 68, 67, 66, 64, 63, 62, 60, 59, 55, 54, 52, 51, 50, 47, 46, 44, 41, 39, 37, 34, 33, 31, 30, 29, 28, 24, 23, 20, 18, 17, 16, 15, 14, 12, 9, 8, 7, 6, 5, 4, 3, 2, 1, 0])
SIMULATION = False
samples_num = 600000
result_df = 1262756
common_samples_df quantile = 0.6
common_samples_df = 495790
stitch_shift_size = 1
window_size = 21
allowCycle = False

RESULT_NUMBER = 16
original key(len=512):
00000010001101000101011001111000100110101011110011011110111100011101110010111010100110000111011001010100001100100001000100010010001000110011010001000101010101100110011101111000100010011001101010101011101111001100110111011110111011110001111011101101110111001100101110111010101010011001100010000111011101100110010101010100010000110011001000100001000100000000000100010001001000100010001100110011010001000100010101010101011001100110011101110111100010001000100110011001101010101010101110111011110011001100110111011101
candidate_key(len=380):
00100100100010001110010000000000010101000101000101010011100010011010101110011011101110001101100101101010011000011011001010100001100100001000100010010001000100110100010001010101011001100110111000100010011001101010101011011100110011011011101101110001110110110110110011001011011010101010011001100010000110110110011001010101010001000011001100100010000100010000000000010001000100100010
key.find(candidate_key) = -1
levenshtein_edit_dist(key, candidate_key) = 
({'I': 2, 'DIST': 178, 'D': 134, 'F': 42}, [510, 509, 506, 502, 499, 497, 495, 494, 493, 491, 490, 485, 484, 481, 477, 475, 474, 473, 471, 469, 467, 465, 462, 461, 458, 457, 454, 453, 452, 451, 450, 449, 448, 447, 446, 445, 444, 443, 442, 441, 440, 436, 432, 431, 430, 428, 427, 426, 425, 424, 423, 420, 419, 418, 416, 414, 413, 412, 411, 410, 409, 408, 407, 406, 405, 404, 403, 401, 397, 396, 395, 393, 391, 389, 387, 386, 385, 383, 382, 381, 380, 379, 377, 374, 373, 372, 371, 370, 367, 366, 365, 363, 359, 358, 357, 347, 346, 343, 342, 338, 337, 334, 333, 331, 330, 329, 327, 326, 325, 321, 320, 319, 317, 315, 314, 312, 311, 309, 308, 306, 305, 304, 302, 301, 300, 299, 298, 296, 295, 294, 293, 292, 291, 290, 288, 284, 283, 282, 280, 279, 278, 276, 274, 272, 271, 270, 268, 265, 264, 263, 261, 259, 257, 256, 255, 254, 253, 252, 251, 250, 249, 248, 246, 245, 243, 242, 240, 239, 238, 236, 235, 234, 233, 231, 230, 227, 226, 223, 222, 218, 217, 216, 215, 214, 213, 212, 211, 210, 209, 208, 207, 206, 205, 204, 202, 201, 200, 198, 197, 196, 195, 193, 192, 191, 189, 188, 186, 184, 183, 182, 181, 180, 179, 178, 177, 176, 175, 174, 173, 172, 169, 168, 165, 164, 163, 161, 160, 159, 156, 155, 154, 152, 151, 149, 148, 147, 146, 144, 142, 141, 140, 139, 137, 136, 135, 134, 133, 130, 129, 128, 127, 125, 123, 122, 121, 120, 119, 118, 115, 114, 112, 111, 110, 108, 107, 106, 105, 104, 103, 101, 99, 98, 97, 94, 93, 92, 91, 90, 88, 87, 84, 83, 82, 80, 79, 78, 77, 76, 75, 73, 72, 71, 70, 66, 65, 64, 63, 62, 61, 58, 56, 55, 52, 50, 49, 47, 46, 45, 43, 41, 40, 39, 37, 34, 33, 31, 30, 29, 28, 25, 22, 21, 20, 18, 17, 16, 15, 14, 13, 12, 10, 9, 8, 6, 5, 4])
SIMULATION = False
samples_num = 1000000
result_df = 1390552
common_samples_df quantile = 0.6
common_samples_df = 533945
stitch_shift_size = 1
window_size = 21
allowCycle = False

RESULT_NUMBER = 17
original key(len=512):
00000010001101000101011001111000100110101011110011011110111100011101110010111010100110000111011001010100001100100001000100010010001000110011010001000101010101100110011101111000100010011001101010101011101111001100110111011110111011110001111011101101110111001100101110111010101010011001100010000111011101100110010101010100010000110011001000100001000100000000000100010001001000100010001100110011010001000100010101010101011001100110011101110111100010001000100110011001101010101010101110111011110011001100110111011101
candidate_key(len=367):
0000001000000000001010100011010001010110011100010011010101110011011101110001101100101101010011000011011001010100001100100001000100010010001000100110100010001010101011001100110111000100010011001101010101011011100110011011011101101110001110110110110110011001011011010101010011001100010000110110110011001010101010001000011001100100010000100010000000000010001000100100010
key.find(candidate_key) = -1
levenshtein_edit_dist(key, candidate_key) = 
({'I': 2, 'DIST': 176, 'D': 147, 'F': 27}, [510, 509, 506, 502, 499, 497, 495, 494, 493, 491, 490, 485, 484, 481, 477, 475, 474, 473, 471, 469, 467, 465, 462, 461, 458, 457, 454, 453, 452, 451, 450, 449, 448, 447, 446, 445, 444, 443, 442, 441, 440, 436, 432, 431, 430, 428, 427, 426, 425, 424, 423, 420, 419, 418, 416, 414, 413, 412, 411, 410, 409, 408, 407, 406, 405, 404, 403, 401, 397, 396, 395, 393, 391, 389, 387, 386, 385, 383, 382, 381, 380, 379, 377, 374, 373, 372, 371, 370, 367, 366, 365, 363, 359, 358, 357, 347, 346, 343, 342, 338, 337, 334, 333, 331, 330, 329, 327, 326, 325, 321, 320, 319, 317, 315, 314, 312, 311, 309, 308, 306, 305, 304, 302, 301, 300, 299, 298, 296, 295, 294, 293, 292, 291, 290, 288, 284, 283, 282, 280, 279, 278, 276, 274, 272, 271, 270, 268, 265, 264, 263, 261, 259, 257, 256, 255, 254, 253, 252, 251, 250, 249, 248, 246, 245, 243, 242, 240, 239, 238, 236, 235, 234, 233, 231, 230, 227, 226, 223, 222, 218, 217, 216, 215, 214, 213, 212, 211, 210, 209, 208, 207, 206, 205, 204, 202, 201, 200, 198, 197, 196, 195, 193, 191, 190, 189, 186, 185, 184, 182, 180, 179, 178, 176, 175, 174, 173, 172, 168, 164, 163, 162, 160, 159, 158, 156, 154, 152, 151, 150, 148, 147, 145, 144, 143, 142, 140, 139, 137, 136, 135, 134, 133, 132, 131, 129, 127, 126, 125, 123, 122, 121, 119, 118, 115, 114, 113, 112, 111, 110, 108, 106, 105, 103, 101, 99, 98, 97, 96, 95, 94, 93, 92, 91, 90, 88, 87, 86, 84, 83, 82, 80, 78, 77, 76, 75, 73, 71, 69, 68, 67, 66, 65, 63, 62, 59, 58, 55, 54, 50, 47, 46, 45, 44, 43, 41, 40, 38, 37, 36, 34, 32, 31, 30, 29, 28, 26, 25, 24, 23, 21, 20, 19, 18, 17, 16, 15, 14, 12, 9, 8, 7, 6, 5, 4, 3, 2, 1, 0])
SIMULATION = False
samples_num = 2000000
result_df = 1560071
common_samples_df quantile = 0.6
common_samples_df = 595568
stitch_shift_size = 1
window_size = 21
allowCycle = False

RESULT_NUMBER = 18
original key(len=512):
00000010001101000101011001111000100110101011110011011110111100011101110010111010100110000111011001010100001100100001000100010010001000110011010001000101010101100110011101111000100010011001101010101011101111001100110111011110111011110001111011101101110111001100101110111010101010011001100010000111011101100110010101010100010000110011001000100001000100000000000100010001001000100010001100110011010001000100010101010101011001100110011101110111100010001000100110011001101010101010101110111011110011001100110111011101
candidate_key(len=399):
000000000001000000001000000000000010000001101000101011001110001001101010111001101110111000110110010110101001100001101100101010000110010000100010001001000100010001100110011010001000100010101010101011001100110111000100010011001101010101011011100110011011011101101110001110110110110110011001011011010101010011001100010000110110110011001010101010001000011001100100010000100010000000000010001000100100010
key.find(candidate_key) = -1
levenshtein_edit_dist(key, candidate_key) = 
({'I': 7, 'DIST': 170, 'D': 120, 'F': 43}, [510, 509, 506, 502, 499, 497, 495, 494, 493, 491, 490, 485, 484, 481, 477, 475, 474, 473, 471, 469, 467, 465, 462, 461, 458, 457, 454, 453, 452, 451, 450, 449, 448, 447, 446, 445, 444, 443, 442, 441, 440, 436, 432, 431, 430, 428, 427, 426, 425, 424, 423, 420, 419, 418, 416, 414, 413, 412, 411, 410, 409, 408, 407, 406, 405, 404, 403, 401, 397, 396, 395, 393, 391, 389, 387, 386, 385, 383, 382, 381, 380, 379, 377, 374, 373, 372, 371, 370, 367, 366, 365, 363, 359, 358, 357, 347, 346, 343, 342, 338, 337, 334, 333, 331, 330, 329, 327, 326, 325, 321, 320, 319, 317, 315, 314, 312, 311, 309, 308, 306, 305, 304, 302, 301, 300, 299, 298, 296, 295, 294, 293, 292, 291, 290, 288, 284, 283, 282, 280, 279, 278, 276, 274, 272, 271, 270, 268, 265, 264, 263, 261, 259, 257, 256, 255, 254, 253, 252, 251, 250, 249, 248, 246, 245, 243, 242, 240, 239, 238, 236, 235, 234, 233, 231, 230, 227, 226, 223, 222, 218, 217, 216, 215, 214, 213, 212, 211, 210, 209, 208, 207, 206, 205, 204, 201, 200, 197, 196, 195, 194, 193, 192, 191, 190, 189, 188, 186, 185, 182, 180, 179, 178, 177, 176, 175, 174, 173, 172, 170, 169, 168, 166, 165, 164, 163, 162, 161, 160, 159, 157, 156, 154, 153, 152, 150, 149, 148, 147, 145, 144, 143, 142, 141, 140, 137, 136, 135, 133, 132, 131, 130, 129, 128, 126, 125, 124, 122, 120, 119, 118, 117, 116, 115, 113, 111, 109, 108, 107, 106, 105, 104, 102, 101, 100, 99, 98, 97, 96, 95, 94, 93, 92, 91, 90, 88, 87, 86, 84, 83, 82, 80, 79, 78, 77, 76, 75, 74, 73, 72, 71, 68, 67, 66, 64, 62, 61, 60, 59, 58, 57, 55, 54, 53, 51, 50, 49, 47, 46, 45, 43, 42, 41, 39, 37, 35, 34, 33, 31, 30, 29, 24, 23, 21, 20, 18, 16, 15, 14, 12, 11, 9, 8, 7, 5, 4, 3, 2, 1, 0])
SIMULATION = False
samples_num = 3500000
result_df = 1684451
common_samples_df quantile = 0.6
common_samples_df = 666696
stitch_shift_size = 1
window_size = 21
allowCycle = False
