
RESULT_NUMBER = 31
original key(len=512):
00000010001101000101011001111000100110101011110011011110111100011101110010111010100110000111011001010100001100100001000100010010001000110011010001000101010101100110011101111000100010011001101010101011101111001100110111011110111011110001111011101101110111001100101110111010101010011001100010000111011101100110010101010100010000110011001000100001000100000000000100010001001000100010001100110011010001000100010101010101011001100110011101110111100010001000100110011001101010101010101110111011110011001100110111011101
candidate_key(len=241):
1011100110111011100011011111011010100110100110110010101000010010010100010001001000100010011010001000101010101100100110111000100010011001010101010110111001100101101110110111000111011011011011001100101101101010101001100110001000111011011010110
key.find(candidate_key) = -1
levenshtein_edit_dist(key, candidate_key) = 
({'I': 0, 'DIST': 271, 'D': 271, 'F': 0}, [510, 509, 508, 506, 505, 502, 501, 500, 499, 497, 496, 495, 493, 492, 489, 485, 481, 477, 476, 475, 473, 471, 470, 468, 467, 465, 464, 463, 462, 461, 460, 458, 456, 454, 452, 451, 448, 447, 444, 440, 436, 435, 434, 432, 431, 428, 427, 426, 425, 424, 423, 422, 421, 420, 418, 417, 416, 415, 413, 412, 411, 409, 408, 407, 405, 401, 400, 399, 398, 397, 393, 391, 389, 387, 386, 385, 383, 382, 378, 377, 374, 370, 369, 367, 366, 365, 363, 359, 358, 357, 347, 343, 338, 337, 334, 331, 329, 327, 325, 321, 320, 317, 316, 315, 314, 313, 312, 310, 309, 306, 304, 303, 302, 300, 296, 292, 288, 287, 286, 285, 284, 283, 280, 278, 276, 274, 273, 271, 270, 269, 265, 264, 263, 261, 260, 259, 257, 255, 253, 250, 249, 246, 243, 239, 238, 234, 233, 232, 231, 227, 226, 225, 223, 218, 217, 214, 211, 210, 209, 207, 206, 201, 200, 197, 195, 194, 193, 191, 189, 188, 186, 185, 182, 180, 179, 176, 175, 174, 172, 168, 164, 162, 160, 159, 156, 154, 153, 152, 151, 150, 149, 148, 147, 145, 141, 140, 139, 138, 137, 136, 135, 133, 130, 126, 125, 124, 123, 122, 119, 118, 115, 110, 109, 107, 106, 101, 99, 97, 96, 94, 93, 92, 88, 87, 84, 83, 80, 79, 78, 76, 75, 73, 72, 69, 66, 62, 59, 58, 57, 55, 54])
SIMULATION = False
samples_num = 100000
result_df = 1726393
common_samples_df quantile = 0.6
common_samples_df = 332940
stitch_shift_size = 1
window_size = 27
allowCycle = False

RESULT_NUMBER = 32
original key(len=512):
00000010001101000101011001111000100110101011110011011110111100011101110010111010100110000111011001010100001100100001000100010010001000110011010001000101010101100110011101111000100010011001101010101011101111001100110111011110111011110001111011101101110111001100101110111010101010011001100010000111011101100110010101010100010000110011001000100001000100000000000100010001001000100010001100110011010001000100010101010101011001100110011101110111100010001000100110011001101010101010101110111011110011001100110111011101
candidate_key(len=394):
0011011011011110100100001111100101010010110110000101010001001000100011011101001100010101010110011001101110001000100110010101010101101110011001101101110110111000111011011011011001100101101101010101001100110001000011011011001100101010101000100001101110010001000010001000000000011000100010010001000100110100010001010101011001001101110001000100110011010101010110111001100101101110110111000111011011
key.find(candidate_key) = -1
levenshtein_edit_dist(key, candidate_key) = 
({'I': 0, 'DIST': 130, 'D': 118, 'F': 12}, [511, 508, 507, 506, 505, 504, 503, 502, 499, 498, 497, 496, 493, 491, 489, 488, 485, 484, 483, 482, 481, 480, 479, 477, 476, 475, 473, 472, 470, 469, 467, 466, 464, 463, 462, 460, 459, 458, 456, 454, 452, 451, 449, 448, 447, 444, 443, 442, 440, 439, 436, 435, 432, 428, 427, 426, 424, 423, 422, 421, 419, 418, 417, 416, 414, 413, 412, 410, 409, 407, 406, 405, 404, 402, 401, 400, 397, 396, 395, 394, 393, 392, 389, 388, 387, 385, 383, 382, 381, 380, 378, 377, 376, 375, 374, 373, 372, 371, 370, 369, 368, 367, 366, 365, 364, 363, 362, 361, 360, 359, 357, 356, 355, 354, 353, 352, 351, 350, 349, 348, 347, 346, 345, 344, 343, 342, 341, 340, 339, 338, 337, 336, 335, 334, 333, 332, 331, 330, 328, 327, 326, 325, 324, 323, 322, 321, 320, 319, 318, 317, 316, 315, 314, 313, 312, 311, 310, 309, 308, 307, 306, 305, 304, 303, 302, 301, 300, 299, 298, 296, 295, 294, 292, 291, 290, 289, 288, 287, 286, 285, 284, 283, 282, 281, 280, 279, 278, 277, 276, 275, 274, 273, 272, 271, 270, 269, 268, 267, 265, 264, 263, 261, 260, 259, 258, 257, 256, 255, 254, 253, 252, 250, 249, 248, 246, 245, 244, 243, 242, 241, 239, 238, 237, 236, 234, 233, 232, 231, 230, 229, 227, 226, 225, 223, 222, 221, 220, 218, 217, 216, 214, 213, 212, 211, 210, 209, 208, 207, 206, 205, 204, 203, 201, 200, 199, 197, 196, 195, 194, 193, 192, 191, 190, 189, 188, 186, 185, 184, 183, 182, 181, 180, 179, 178, 177, 176, 175, 174, 173, 172, 171, 170, 168, 167, 166, 164, 163, 162, 161, 160, 159, 158, 157, 156, 155, 154, 153, 152, 151, 150, 149, 148, 147, 146, 145, 143, 142, 141, 140, 139, 138, 136, 135, 134, 133, 132, 131, 130, 129, 128, 127, 126, 125, 124, 123, 122, 121, 120, 119, 118, 115, 114, 110, 109, 108, 105, 104, 101, 99, 98, 97, 94, 92, 91, 88, 87, 84, 82, 80, 79, 78, 77, 73, 72, 69, 68, 67, 65, 62, 61, 60, 55, 54, 50, 47, 45, 41, 40, 38, 36, 35, 34, 32, 28, 24, 22, 21, 20, 19, 17, 16, 15])
SIMULATION = False
samples_num = 300000
result_df = 4077835
common_samples_df quantile = 0.6
common_samples_df = 1052216
stitch_shift_size = 1
window_size = 27
allowCycle = False

RESULT_NUMBER = 33
original key(len=512):
00000010001101000101011001111000100110101011110011011110111100011101110010111010100110000111011001010100001100100001000100010010001000110011010001000101010101100110011101111000100010011001101010101011101111001100110111011110111011110001111011101101110111001100101110111010101010011001100010000111011101100110010101010100010000110011001000100001000100000000000100010001001000100010001100110011010001000100010101010101011001100110011101110111100010001000100110011001101010101010101110111011110011001100110111011101
candidate_key(len=395):
11010010101000011011001110001000100100010101001110011001101010111001101110111000110110010110101001100001101100101010000110010000100010001001000100010011100110011010001000100010101010101011001100110111000100010011001101010101011011100110011011011101101110001110110110110110011001011011010101010011001100010000110110110011001010101010001000011001100100010000100010000000000010001000100100010001001
key.find(candidate_key) = -1
levenshtein_edit_dist(key, candidate_key) = 
({'I': 6, 'DIST': 165, 'D': 123, 'F': 36}, [511, 510, 508, 506, 504, 502, 499, 498, 497, 495, 494, 493, 491, 490, 485, 484, 481, 477, 475, 474, 473, 471, 469, 467, 465, 462, 461, 458, 457, 454, 453, 452, 451, 450, 449, 448, 447, 446, 445, 444, 443, 442, 441, 440, 436, 432, 431, 430, 428, 427, 426, 425, 424, 423, 420, 419, 418, 416, 414, 413, 412, 411, 410, 409, 408, 407, 406, 405, 404, 403, 401, 397, 396, 395, 393, 391, 389, 387, 386, 385, 383, 382, 381, 380, 379, 377, 374, 373, 372, 371, 370, 367, 366, 365, 363, 359, 358, 357, 347, 346, 343, 342, 338, 337, 334, 333, 331, 330, 329, 327, 326, 325, 321, 320, 319, 317, 315, 314, 312, 311, 309, 308, 306, 305, 304, 302, 301, 300, 299, 298, 296, 295, 294, 293, 292, 291, 290, 288, 284, 283, 282, 280, 279, 278, 276, 274, 272, 271, 270, 268, 265, 264, 263, 261, 259, 257, 256, 255, 254, 253, 252, 251, 250, 249, 248, 246, 245, 243, 242, 240, 239, 238, 236, 235, 234, 233, 231, 230, 227, 226, 223, 222, 218, 217, 216, 215, 214, 213, 212, 211, 210, 209, 208, 207, 206, 205, 204, 201, 200, 197, 196, 195, 194, 193, 192, 191, 190, 189, 188, 186, 185, 182, 180, 179, 178, 177, 176, 175, 174, 173, 172, 168, 167, 166, 164, 163, 162, 161, 160, 159, 158, 157, 155, 154, 152, 151, 150, 148, 147, 145, 144, 143, 142, 141, 140, 138, 137, 136, 134, 133, 132, 131, 130, 129, 128, 127, 126, 125, 124, 123, 121, 120, 118, 116, 115, 114, 112, 111, 110, 108, 107, 106, 105, 104, 103, 102, 101, 98, 97, 96, 94, 92, 91, 90, 88, 86, 85, 84, 83, 82, 80, 79, 77, 76, 75, 74, 73, 72, 70, 69, 68, 66, 65, 64, 63, 62, 60, 59, 57, 56, 55, 53, 52, 50, 49, 48, 47, 46, 45, 43, 42, 41, 39, 38, 37, 35, 34, 33, 32, 31, 30, 29, 28, 27, 26, 24, 23, 22, 21, 20, 19, 17, 16, 15, 14, 12, 11, 9, 7, 6, 5, 4, 2])
SIMULATION = False
samples_num = 600000
result_df = 6477662
common_samples_df quantile = 0.6
common_samples_df = 2001502
stitch_shift_size = 1
window_size = 27
allowCycle = False

RESULT_NUMBER = 34
original key(len=512):
00000010001101000101011001111000100110101011110011011110111100011101110010111010100110000111011001010100001100100001000100010010001000110011010001000101010101100110011101111000100010011001101010101011101111001100110111011110111011110001111011101101110111001100101110111010101010011001100010000111011101100110010101010100010000110011001000100001000100000000000100010001001000100010001100110011010001000100010101010101011001100110011101110111100010001000100110011001101010101010101110111011110011001100110111011101
candidate_key(len=385):
0101010011101100110110110101000101001001010101010111011100010011010101110011011101110001101100101101010011000011011001010100001100100001000100010010001000100110100010001010101011001100110111000100010011001101010101011011100110011011011101101110001110110110110110011001011011010101010011001100010000110110110011001010101010001000011001100100010000100010000000000010001000100100010001001
key.find(candidate_key) = -1
levenshtein_edit_dist(key, candidate_key) = 
({'I': 3, 'DIST': 171, 'D': 130, 'F': 38}, [511, 510, 508, 506, 504, 502, 499, 498, 497, 495, 494, 493, 491, 490, 485, 484, 481, 477, 475, 474, 473, 471, 469, 467, 465, 462, 461, 458, 457, 454, 453, 452, 451, 450, 449, 448, 447, 446, 445, 444, 443, 442, 441, 440, 436, 432, 431, 430, 428, 427, 426, 425, 424, 423, 420, 419, 418, 416, 414, 413, 412, 411, 410, 409, 408, 407, 406, 405, 404, 403, 401, 397, 396, 395, 393, 391, 389, 387, 386, 385, 383, 382, 381, 380, 379, 377, 374, 373, 372, 371, 370, 367, 366, 365, 363, 359, 358, 357, 347, 346, 343, 342, 338, 337, 334, 333, 331, 330, 329, 327, 326, 325, 321, 320, 319, 317, 315, 314, 312, 311, 309, 308, 306, 305, 304, 302, 301, 300, 299, 298, 296, 295, 294, 293, 292, 291, 290, 288, 284, 283, 282, 280, 279, 278, 276, 274, 272, 271, 270, 268, 265, 264, 263, 261, 259, 257, 256, 255, 254, 253, 252, 251, 250, 249, 248, 246, 245, 243, 242, 240, 239, 238, 236, 235, 234, 233, 231, 230, 227, 226, 223, 222, 218, 217, 216, 215, 214, 213, 212, 211, 210, 209, 208, 207, 206, 205, 204, 202, 201, 200, 198, 197, 196, 195, 193, 192, 191, 189, 188, 186, 184, 183, 182, 181, 180, 179, 178, 177, 176, 175, 174, 173, 172, 169, 168, 165, 164, 163, 161, 160, 159, 156, 155, 154, 152, 151, 149, 148, 147, 146, 144, 142, 141, 140, 139, 137, 136, 135, 134, 133, 130, 129, 128, 127, 125, 123, 122, 121, 120, 119, 118, 115, 114, 112, 111, 110, 108, 107, 106, 105, 104, 103, 101, 99, 98, 97, 94, 93, 92, 91, 90, 88, 87, 84, 83, 82, 80, 79, 78, 77, 76, 75, 73, 72, 71, 70, 69, 68, 67, 66, 65, 64, 63, 62, 60, 59, 57, 55, 54, 50, 49, 47, 46, 45, 41, 40, 39, 38, 37, 34, 33, 32, 31, 29, 28, 27, 24, 22, 21, 20, 19, 17, 16, 15, 13, 12, 11, 10, 8, 7, 6, 5, 3, 1])
SIMULATION = False
samples_num = 1000000
result_df = 8627825
common_samples_df quantile = 0.6
common_samples_df = 3030773
stitch_shift_size = 1
window_size = 27
allowCycle = False

RESULT_NUMBER = 35
original key(len=512):
00000010001101000101011001111000100110101011110011011110111100011101110010111010100110000111011001010100001100100001000100010010001000110011010001000101010101100110011101111000100010011001101010101011101111001100110111011110111011110001111011101101110111001100101110111010101010011001100010000111011101100110010101010100010000110011001000100001000100000000000100010001001000100010001100110011010001000100010101010101011001100110011101110111100010001000100110011001101010101010101110111011110011001100110111011101
candidate_key(len=434):
11100011011001011011011110101100110101010100110010101010111011011001100110110111000100010001001100110011010101010101011011011100110011001101101100010001000100110011010001000100010101010101011001100110111000100010011001101010101011011100110011011011101101110001110110110110110011001011011010101010011001100010000110110110011001010101010001000011001100100010000100010000000000010001000100100010001001101000100010101010110011001101110001
key.find(candidate_key) = -1
levenshtein_edit_dist(key, candidate_key) = 
({'I': 7, 'DIST': 149, 'D': 85, 'F': 57}, [511, 510, 506, 505, 504, 503, 502, 501, 500, 499, 498, 497, 496, 495, 494, 493, 492, 491, 489, 487, 485, 484, 481, 480, 477, 475, 473, 472, 471, 469, 467, 466, 465, 464, 463, 462, 461, 460, 458, 457, 456, 454, 453, 452, 451, 450, 448, 447, 446, 445, 444, 443, 442, 441, 440, 436, 432, 428, 427, 424, 423, 420, 419, 416, 414, 413, 412, 410, 408, 407, 406, 404, 403, 402, 401, 400, 399, 398, 397, 396, 395, 393, 391, 389, 388, 387, 386, 385, 384, 381, 380, 378, 377, 376, 375, 374, 373, 371, 370, 369, 367, 366, 363, 362, 361, 359, 358, 357, 354, 351, 348, 346, 345, 344, 343, 342, 341, 340, 338, 334, 333, 332, 331, 330, 329, 328, 327, 325, 323, 321, 320, 318, 317, 315, 314, 313, 311, 310, 309, 308, 307, 306, 305, 304, 303, 302, 301, 300, 299, 298, 296, 295, 294, 292, 289, 288, 284, 283, 282, 281, 279, 276, 274, 273, 272, 270, 269, 268, 267, 266, 265, 264, 263, 260, 259, 258, 257, 256, 255, 254, 253, 252, 251, 250, 249, 248, 246, 245, 243, 242, 240, 239, 238, 236, 235, 234, 233, 231, 230, 227, 226, 223, 222, 218, 217, 216, 215, 214, 213, 212, 211, 210, 209, 208, 207, 206, 205, 204, 201, 200, 197, 196, 195, 194, 193, 192, 191, 190, 189, 188, 186, 185, 182, 180, 179, 178, 177, 176, 175, 174, 173, 172, 170, 169, 168, 166, 165, 164, 163, 162, 160, 159, 156, 155, 154, 152, 150, 149, 148, 147, 146, 145, 143, 141, 140, 139, 138, 137, 136, 135, 134, 133, 132, 130, 129, 128, 126, 124, 123, 121, 119, 118, 116, 115, 114, 112, 111, 110, 109, 108, 107, 106, 105, 104, 100, 99, 97, 96, 95, 94, 92, 90, 88, 87, 86, 84, 82, 81, 80, 78, 77, 76, 75, 72, 71, 70, 69, 68, 66, 65, 64, 60, 59, 58, 57, 56, 55, 54, 52, 51, 50, 49, 48, 47, 46, 45, 43, 41, 40, 39, 38, 37, 36, 35, 34, 33, 32, 30, 29, 28, 27, 26, 25, 24, 22, 21, 20, 19, 18, 17, 16, 15, 13, 12, 11, 10, 9, 8, 7, 6])
SIMULATION = False
samples_num = 2000000
result_df = 12619341
common_samples_df quantile = 0.6
common_samples_df = 3136221
stitch_shift_size = 1
window_size = 27
allowCycle = False

RESULT_NUMBER = 36
original key(len=512):
00000010001101000101011001111000100110101011110011011110111100011101110010111010100110000111011001010100001100100001000100010010001000110011010001000101010101100110011101111000100010011001101010101011101111001100110111011110111011110001111011101101110111001100101110111010101010011001100010000111011101100110010101010100010000110011001000100001000100000000000100010001001000100010001100110011010001000100010101010101011001100110011101110111100010001000100110011001101010101010101110111011110011001100110111011101
candidate_key(len=440):
11000101011101101001000010101010101100110001000110110110011010101010101010100110011011101101110001000100010011001100110101010101010110110111001100110011011011000100010001001100110100010001000101010101010110011001101110001000100110011010101010110111001100110110111011011100011101101101101100110010110110101010100110011000100001101101100110010101010100010000110011001000100001000100000000000100010001001000100010001100110011010001000100010101
key.find(candidate_key) = -1
levenshtein_edit_dist(key, candidate_key) = 
({'I': 4, 'DIST': 150, 'D': 76, 'F': 70}, [511, 510, 509, 506, 505, 502, 499, 498, 497, 495, 494, 493, 491, 490, 489, 487, 486, 485, 483, 482, 481, 479, 478, 477, 475, 474, 473, 471, 470, 469, 467, 466, 465, 463, 462, 461, 459, 458, 457, 455, 454, 453, 451, 450, 449, 447, 446, 445, 443, 442, 441, 440, 436, 435, 432, 428, 427, 426, 424, 423, 422, 420, 419, 418, 417, 416, 414, 413, 411, 410, 408, 406, 405, 404, 403, 402, 401, 400, 398, 397, 396, 393, 392, 391, 389, 388, 387, 386, 385, 384, 383, 382, 381, 378, 377, 374, 373, 372, 371, 369, 367, 366, 365, 364, 363, 361, 360, 359, 357, 356, 354, 352, 350, 348, 347, 345, 343, 342, 340, 339, 338, 336, 335, 334, 332, 331, 330, 329, 327, 326, 325, 321, 317, 316, 315, 313, 311, 310, 308, 307, 306, 305, 303, 302, 301, 300, 299, 298, 297, 296, 295, 294, 290, 289, 288, 286, 285, 284, 283, 281, 280, 279, 278, 276, 275, 274, 273, 272, 271, 270, 269, 268, 267, 265, 264, 263, 261, 260, 259, 258, 256, 255, 254, 250, 249, 248, 247, 246, 245, 244, 243, 239, 238, 237, 234, 233, 231, 230, 228, 227, 226, 224, 223, 222, 220, 218, 217, 214, 213, 211, 210, 209, 207, 206, 205, 203, 202, 201, 199, 198, 197, 196, 195, 193, 192, 191, 189, 188, 186, 185, 184, 183, 182, 180, 179, 176, 175, 174, 172, 171, 168, 167, 166, 164, 163, 162, 161, 159, 158, 157, 156, 155, 153, 152, 151, 150, 149, 148, 146, 145, 144, 142, 141, 140, 139, 138, 137, 136, 135, 134, 133, 132, 130, 126, 125, 124, 123, 122, 121, 120, 119, 118, 117, 116, 115, 114, 113, 112, 110, 107, 106, 105, 101, 99, 98, 97, 94, 93, 92, 91, 90, 88, 87, 84, 83, 82, 81, 80, 79, 78, 77, 76, 74, 73, 72, 71, 70, 69, 67, 66, 65, 64, 62, 61, 59, 57, 56, 55, 54, 53, 50, 49, 47, 46, 45, 44, 43, 42, 41, 40, 39, 38, 37, 36, 33, 32, 31, 30, 29, 27, 24, 23, 22, 20, 19, 17, 16, 13, 11, 10, 9, 7, 6, 5, 4, 3])
SIMULATION = False
samples_num = 3500000
result_df = 16849783
common_samples_df quantile = 0.6
common_samples_df = 4867249
stitch_shift_size = 1
window_size = 27
allowCycle = False
