
RESULT_NUMBER = 25
original key(len=512):
00000010001101000101011001111000100110101011110011011110111100011101110010111010100110000111011001010100001100100001000100010010001000110011010001000101010101100110011101111000100010011001101010101011101111001100110111011110111011110001111011101101110111001100101110111010101010011001100010000111011101100110010101010100010000110011001000100001000100000000000100010001001000100010001100110011010001000100010101010101011001100110011101110111100010001000100110011001101010101010101110111011110011001100110111011101
candidate_key(len=429):
001000011011010011011110101010001000010111001000100001010100000000000101010001010011010110011100010011010101110011011101110001101100101101010011000011011001010100001001000010001000100100010001001101000100010101010110010011011100010001001100110101010101101110011001101101110110111000111011011011011001100101101101010101001100110001000011011010011001010101010001000010011001000100001000100000000100100010101011000100010011010001000
key.find(candidate_key) = -1
levenshtein_edit_dist(key, candidate_key) = 
({'I': 4, 'DIST': 165, 'D': 87, 'F': 74}, [510, 508, 506, 504, 502, 501, 500, 499, 498, 497, 495, 494, 493, 491, 490, 489, 488, 486, 485, 484, 481, 480, 477, 475, 473, 472, 471, 469, 468, 467, 465, 462, 461, 458, 457, 454, 453, 452, 451, 450, 449, 448, 447, 446, 445, 444, 443, 442, 441, 440, 436, 432, 431, 430, 428, 427, 426, 424, 423, 420, 419, 418, 416, 414, 413, 412, 411, 410, 409, 408, 407, 406, 405, 404, 403, 401, 400, 399, 397, 396, 393, 392, 391, 390, 389, 388, 385, 384, 383, 381, 380, 379, 378, 376, 375, 374, 372, 371, 370, 369, 367, 366, 364, 363, 362, 359, 358, 355, 353, 352, 349, 348, 347, 345, 343, 342, 338, 334, 333, 331, 330, 329, 327, 326, 325, 324, 323, 321, 319, 317, 316, 315, 313, 312, 311, 309, 308, 306, 305, 304, 303, 302, 301, 300, 299, 298, 297, 296, 295, 294, 291, 289, 288, 287, 285, 284, 283, 282, 281, 280, 279, 278, 277, 276, 275, 273, 272, 271, 269, 268, 267, 266, 265, 264, 263, 261, 260, 259, 258, 257, 256, 255, 254, 253, 251, 250, 249, 246, 245, 243, 241, 239, 238, 237, 235, 234, 233, 232, 231, 227, 226, 223, 222, 218, 217, 214, 213, 211, 210, 208, 207, 206, 205, 201, 200, 198, 197, 196, 195, 193, 192, 190, 189, 188, 187, 186, 185, 182, 181, 180, 178, 177, 176, 175, 173, 172, 171, 169, 168, 166, 165, 164, 162, 160, 159, 158, 157, 155, 154, 153, 151, 150, 149, 147, 146, 145, 142, 141, 140, 139, 137, 135, 134, 133, 132, 130, 129, 128, 127, 126, 123, 122, 121, 119, 118, 116, 115, 113, 112, 110, 109, 107, 105, 104, 103, 101, 100, 99, 98, 97, 96, 95, 92, 88, 87, 86, 85, 82, 81, 80, 79, 78, 77, 76, 73, 71, 70, 66, 65, 62, 61, 60, 59, 55, 54, 53, 52, 50, 49, 47, 46, 44, 41, 39, 38, 37, 36, 34, 32, 31, 28, 27, 26, 25, 24, 22, 21, 20, 18, 17, 16, 13, 12, 11, 10, 9, 8, 7, 5, 3, 2])
SIMULATION = False
samples_num = 100000
result_df = 904501
common_samples_df quantile = 0.6
common_samples_df = 262948
stitch_shift_size = 1
window_size = 22
allowCycle = False

RESULT_NUMBER = 26
original key(len=512):
00000010001101000101011001111000100110101011110011011110111100011101110010111010100110000111011001010100001100100001000100010010001000110011010001000101010101100110011101111000100010011001101010101011101111001100110111011110111011110001111011101101110111001100101110111010101010011001100010000111011101100110010101010100010000110011001000100001000100000000000100010001001000100010001100110011010001000100010101010101011001100110011101110111100010001000100110011001101010101010101110111011110011001100110111011101
candidate_key(len=305):
10001011010100110011100110101101101100110010111110101010100110011001101101110001000100010011001010101010110111001100110110111011011100011101101101101100110010110110101010100110011000100001101101100100101010101000100001001100100010000100010000000000110001000100100010001001101000100010101010101010101010101
key.find(candidate_key) = -1
levenshtein_edit_dist(key, candidate_key) = 
({'I': 0, 'DIST': 207, 'D': 207, 'F': 0}, [511, 510, 509, 506, 505, 502, 501, 499, 497, 495, 493, 491, 489, 485, 484, 481, 480, 477, 476, 475, 474, 473, 472, 471, 469, 467, 466, 465, 462, 461, 460, 458, 456, 455, 454, 453, 452, 451, 450, 449, 448, 447, 446, 445, 444, 443, 442, 440, 436, 432, 428, 426, 424, 423, 420, 418, 417, 416, 414, 412, 410, 408, 406, 404, 403, 402, 400, 397, 396, 395, 394, 393, 392, 389, 388, 385, 383, 381, 380, 379, 378, 377, 376, 374, 370, 369, 368, 367, 366, 365, 364, 362, 359, 358, 357, 356, 347, 346, 343, 342, 338, 337, 334, 333, 331, 329, 328, 327, 325, 324, 321, 317, 316, 315, 313, 312, 311, 309, 308, 307, 304, 303, 302, 300, 296, 292, 288, 284, 282, 281, 280, 279, 278, 277, 276, 275, 274, 273, 272, 271, 270, 269, 268, 267, 265, 264, 263, 261, 260, 259, 258, 257, 256, 255, 254, 253, 252, 250, 249, 248, 246, 245, 244, 243, 242, 241, 239, 238, 237, 236, 234, 233, 232, 231, 230, 229, 227, 226, 225, 223, 222, 221, 220, 218, 217, 216, 214, 213, 212, 211, 210, 209, 208, 207, 206, 205, 204, 203, 201, 200, 199, 197, 196, 195, 194, 193, 192, 191, 190, 189, 188, 186, 185, 184, 183, 182, 181, 180, 179, 178, 177, 176, 175, 174, 173, 172, 168, 164, 163, 162, 161, 158, 156, 155, 153, 152, 151, 149, 148, 147, 145, 141, 140, 137, 135, 134, 133, 132, 130, 129, 126, 125, 123, 122, 119, 118, 115, 110, 107, 106, 101, 100, 99, 98, 96, 94, 93, 92, 88, 84, 83, 82, 80, 78, 77, 76, 75, 73, 72, 71, 69, 68, 66, 62, 59, 58, 57, 55, 50, 49, 48, 47, 46, 45, 41, 40, 39, 38, 36, 34, 32, 31, 30, 29, 28])
SIMULATION = False
samples_num = 300000
result_df = 1522178
common_samples_df quantile = 0.6
common_samples_df = 489708
stitch_shift_size = 1
window_size = 22
allowCycle = False

RESULT_NUMBER = 27
original key(len=512):
00000010001101000101011001111000100110101011110011011110111100011101110010111010100110000111011001010100001100100001000100010010001000110011010001000101010101100110011101111000100010011001101010101011101111001100110111011110111011110001111011101101110111001100101110111010101010011001100010000111011101100110010101010100010000110011001000100001000100000000000100010001001000100010001100110011010001000100010101010101011001100110011101110111100010001000100110011001101010101010101110111011110011001100110111011101
candidate_key(len=370):
0100011000100000000001101010001010001010101111000100110101011100110111011100011011001011010100110000110110010101000011001000010001000100100010001001101000100010101010110011001101110001000100110011010101010110111001100110110111011011100011101101101101100110010110110101010100110011000100001101101100110010101010100010000110011001000100001000100000000000100010001001000100
key.find(candidate_key) = -1
levenshtein_edit_dist(key, candidate_key) = 
({'I': 2, 'DIST': 176, 'D': 144, 'F': 30}, [510, 506, 505, 502, 499, 498, 497, 495, 494, 493, 491, 490, 485, 484, 481, 477, 475, 474, 473, 471, 469, 467, 465, 462, 461, 458, 457, 454, 453, 452, 451, 450, 449, 448, 447, 446, 445, 444, 443, 442, 441, 440, 436, 432, 431, 430, 428, 427, 426, 425, 424, 423, 420, 419, 418, 416, 414, 413, 412, 411, 410, 409, 408, 407, 406, 405, 404, 403, 401, 397, 396, 395, 393, 391, 389, 387, 386, 385, 383, 382, 381, 380, 379, 377, 374, 373, 372, 371, 370, 367, 366, 365, 363, 359, 358, 357, 347, 346, 343, 342, 338, 337, 334, 333, 331, 330, 329, 327, 326, 325, 321, 320, 319, 317, 315, 314, 312, 311, 309, 308, 306, 305, 304, 302, 301, 300, 299, 298, 296, 295, 294, 293, 292, 291, 290, 288, 284, 283, 282, 280, 279, 278, 276, 274, 272, 271, 270, 268, 265, 264, 263, 261, 259, 257, 256, 255, 254, 253, 252, 251, 250, 249, 248, 246, 245, 243, 242, 240, 239, 238, 236, 235, 234, 233, 231, 230, 227, 226, 223, 222, 218, 217, 216, 215, 214, 213, 212, 211, 210, 209, 208, 207, 206, 205, 204, 202, 201, 200, 198, 197, 196, 195, 193, 191, 190, 189, 186, 185, 184, 182, 180, 179, 178, 176, 175, 174, 173, 172, 168, 164, 163, 162, 160, 159, 158, 156, 154, 152, 151, 150, 148, 147, 145, 144, 143, 142, 140, 139, 137, 136, 135, 134, 133, 132, 131, 129, 127, 126, 125, 123, 122, 121, 119, 118, 115, 114, 113, 112, 111, 110, 108, 106, 105, 103, 101, 99, 98, 97, 96, 95, 94, 93, 92, 91, 90, 88, 87, 86, 84, 83, 82, 80, 78, 77, 76, 75, 73, 71, 69, 68, 67, 66, 65, 63, 62, 59, 58, 55, 54, 50, 47, 46, 45, 44, 43, 42, 41, 40, 39, 38, 37, 36, 34, 33, 32, 31, 30, 29, 27, 25, 24, 22, 21, 20, 18, 16, 15, 14, 12, 10, 9, 8, 7, 6, 4, 3, 2, 0])
SIMULATION = False
samples_num = 600000
result_df = 1933515
common_samples_df quantile = 0.6
common_samples_df = 653150
stitch_shift_size = 1
window_size = 22
allowCycle = False

RESULT_NUMBER = 28
original key(len=512):
00000010001101000101011001111000100110101011110011011110111100011101110010111010100110000111011001010100001100100001000100010010001000110011010001000101010101100110011101111000100010011001101010101011101111001100110111011110111011110001111011101101110111001100101110111010101010011001100010000111011101100110010101010100010000110011001000100001000100000000000100010001001000100010001100110011010001000100010101010101011001100110011101110111100010001000100110011001101010101010101110111011110011001100110111011101
candidate_key(len=384):
000110100110101110110001001101101110101010100010011001101110101010101010110110111001100110011011011000100010001001100110100010001000101010101010110011001101110001000100110011010101010110111001100110110111011011100011101101101101100110010110110101010100110011000100001101101100110010101010100010000110011001000100001000100000000000100010001001000100010011010001000101010101100110011011
key.find(candidate_key) = -1
levenshtein_edit_dist(key, candidate_key) = 
({'I': 4, 'DIST': 156, 'D': 132, 'F': 20}, [511, 509, 506, 505, 504, 502, 499, 497, 496, 495, 494, 493, 492, 491, 489, 485, 484, 481, 480, 477, 476, 475, 473, 471, 470, 469, 467, 465, 464, 462, 460, 459, 458, 457, 456, 454, 453, 451, 448, 447, 446, 445, 444, 443, 442, 440, 436, 432, 428, 426, 424, 423, 420, 418, 416, 414, 412, 410, 408, 406, 404, 403, 402, 400, 399, 397, 396, 395, 394, 393, 392, 389, 388, 385, 383, 381, 380, 379, 378, 377, 376, 374, 370, 369, 368, 367, 363, 362, 361, 360, 358, 347, 346, 345, 344, 343, 342, 338, 337, 334, 333, 331, 329, 327, 325, 324, 321, 317, 316, 314, 313, 311, 310, 309, 306, 304, 302, 301, 300, 296, 292, 291, 288, 287, 286, 285, 284, 283, 282, 281, 280, 279, 278, 277, 276, 275, 274, 273, 272, 271, 270, 269, 268, 267, 265, 264, 263, 261, 260, 259, 258, 257, 256, 255, 254, 253, 252, 250, 249, 248, 246, 245, 244, 243, 242, 241, 239, 238, 237, 236, 234, 233, 232, 231, 230, 229, 227, 226, 225, 223, 222, 221, 220, 218, 217, 216, 214, 213, 212, 211, 210, 209, 208, 207, 206, 205, 204, 203, 201, 200, 199, 197, 196, 195, 194, 193, 192, 191, 190, 189, 188, 187, 186, 185, 184, 183, 182, 181, 180, 179, 178, 177, 176, 175, 174, 173, 172, 171, 170, 168, 167, 166, 164, 163, 162, 161, 160, 159, 158, 157, 156, 155, 154, 153, 152, 151, 150, 149, 148, 146, 145, 144, 143, 142, 141, 140, 138, 137, 136, 134, 133, 130, 129, 128, 126, 125, 124, 123, 122, 121, 120, 119, 118, 117, 116, 115, 114, 113, 112, 110, 109, 107, 106, 105, 102, 100, 99, 97, 96, 95, 94, 93, 92, 91, 90, 89, 88, 85, 84, 83, 82, 81, 80, 79, 78, 77, 76, 74, 73, 72, 71, 69, 68, 67, 66, 65, 64, 62, 61, 59, 56, 55, 52, 51, 50, 49, 46, 45, 44, 43, 41, 40, 38, 37, 36, 35, 34, 33, 32, 31, 30, 29, 28, 27, 25, 22, 21, 20, 19, 18, 17, 15, 14, 13, 12, 11, 10, 9, 8, 7])
SIMULATION = False
samples_num = 1000000
result_df = 2199015
common_samples_df quantile = 0.6
common_samples_df = 872198
stitch_shift_size = 1
window_size = 22
allowCycle = False

RESULT_NUMBER = 29
original key(len=512):
00000010001101000101011001111000100110101011110011011110111100011101110010111010100110000111011001010100001100100001000100010010001000110011010001000101010101100110011101111000100010011001101010101011101111001100110111011110111011110001111011101101110111001100101110111010101010011001100010000111011101100110010101010100010000110011001000100001000100000000000100010001001000100010001100110011010001000100010101010101011001100110011101110111100010001000100110011001101010101010101110111011110011001100110111011101
candidate_key(len=383):
00001010101010100110001001101101110101010100010011001101110101010101010110110111001100110011011011000100010001001100110100010001000101010101010110011001101110001000100110011010101010110111001100110110111011011100011101101101101100110010110110101010100110011000100001101101100110010101010100010000110011001000100001000100000000000100010001001000100010011010001000101010101100110011011
key.find(candidate_key) = -1
levenshtein_edit_dist(key, candidate_key) = 
({'I': 4, 'DIST': 155, 'D': 133, 'F': 18}, [511, 509, 506, 505, 504, 502, 499, 497, 496, 495, 494, 493, 492, 491, 489, 485, 484, 481, 480, 477, 476, 475, 473, 471, 470, 469, 467, 465, 464, 462, 460, 459, 458, 457, 456, 454, 453, 451, 448, 447, 446, 445, 444, 443, 442, 440, 436, 432, 428, 426, 424, 423, 420, 418, 416, 414, 412, 410, 408, 406, 404, 403, 402, 400, 399, 397, 396, 395, 394, 393, 392, 389, 388, 385, 383, 381, 380, 379, 378, 377, 376, 374, 370, 369, 368, 367, 363, 362, 361, 360, 358, 347, 346, 345, 344, 343, 342, 338, 337, 334, 333, 331, 329, 327, 325, 324, 321, 317, 316, 314, 313, 311, 310, 309, 306, 304, 302, 301, 300, 296, 292, 291, 288, 287, 286, 285, 284, 283, 282, 281, 280, 279, 278, 277, 276, 275, 274, 273, 272, 271, 270, 269, 268, 267, 265, 264, 263, 261, 260, 259, 258, 257, 256, 255, 254, 253, 252, 250, 249, 248, 246, 245, 244, 243, 242, 241, 239, 238, 237, 236, 234, 233, 232, 231, 230, 229, 227, 226, 225, 223, 222, 221, 220, 218, 217, 216, 214, 213, 212, 211, 210, 209, 208, 207, 206, 205, 204, 203, 201, 200, 199, 197, 196, 195, 194, 193, 192, 191, 190, 189, 188, 187, 186, 185, 184, 183, 182, 181, 180, 179, 178, 177, 176, 175, 174, 173, 172, 171, 170, 168, 167, 166, 164, 163, 162, 161, 160, 159, 158, 157, 156, 155, 154, 153, 152, 151, 150, 149, 148, 146, 145, 144, 143, 142, 141, 140, 138, 137, 136, 134, 133, 130, 129, 128, 126, 125, 124, 123, 122, 121, 120, 119, 118, 117, 116, 115, 114, 113, 112, 110, 109, 107, 106, 105, 102, 100, 99, 97, 96, 95, 94, 93, 92, 91, 90, 89, 88, 85, 84, 83, 82, 81, 80, 79, 78, 77, 76, 74, 73, 72, 71, 69, 68, 67, 66, 65, 64, 62, 61, 59, 56, 55, 52, 51, 50, 49, 46, 45, 44, 43, 41, 40, 38, 37, 36, 35, 34, 33, 32, 31, 30, 29, 28, 27, 24, 23, 22, 20, 19, 18, 17, 16, 13, 12, 11, 9, 6, 5, 4, 3, 2])
SIMULATION = False
samples_num = 2000000
result_df = 2575384
common_samples_df quantile = 0.6
common_samples_df = 1011071
stitch_shift_size = 1
window_size = 22
allowCycle = False

RESULT_NUMBER = 30
original key(len=512):
00000010001101000101011001111000100110101011110011011110111100011101110010111010100110000111011001010100001100100001000100010010001000110011010001000101010101100110011101111000100010011001101010101011101111001100110111011110111011110001111011101101110111001100101110111010101010011001100010000111011101100110010101010100010000110011001000100001000100000000000100010001001000100010001100110011010001000100010101010101011001100110011101110111100010001000100110011001101010101010101110111011110011001100110111011101
candidate_key(len=387):
010011100010000000000110101000101000101010111100010011010101110011011101110001101100101101010011000011011001010100001100100001000100010010001000100011001100110100010001000101010101010110011001101110001000100110011010101010110111001100110110111011011100011101101101101100110010110110101010100110011000100001101101100110010101010100010000110011001000100001000100000000000100010001001000100
key.find(candidate_key) = -1
levenshtein_edit_dist(key, candidate_key) = 
({'I': 3, 'DIST': 167, 'D': 128, 'F': 36}, [510, 506, 505, 502, 499, 498, 497, 495, 494, 493, 491, 490, 485, 484, 481, 477, 475, 474, 473, 471, 469, 467, 465, 462, 461, 458, 457, 454, 453, 452, 451, 450, 449, 448, 447, 446, 445, 444, 443, 442, 441, 440, 436, 432, 431, 430, 428, 427, 426, 425, 424, 423, 420, 419, 418, 416, 414, 413, 412, 411, 410, 409, 408, 407, 406, 405, 404, 403, 401, 397, 396, 395, 393, 391, 389, 387, 386, 385, 383, 382, 381, 380, 379, 377, 374, 373, 372, 371, 370, 367, 366, 365, 363, 359, 358, 357, 347, 346, 343, 342, 338, 337, 334, 333, 331, 330, 329, 327, 326, 325, 321, 320, 319, 317, 315, 314, 312, 311, 309, 308, 306, 305, 304, 302, 301, 300, 299, 298, 296, 295, 294, 293, 292, 291, 290, 288, 284, 283, 282, 280, 279, 278, 276, 274, 272, 271, 270, 268, 265, 264, 263, 261, 259, 257, 256, 255, 254, 253, 252, 251, 250, 249, 248, 246, 245, 243, 242, 240, 239, 238, 236, 235, 234, 233, 231, 230, 227, 226, 223, 222, 218, 217, 216, 215, 214, 213, 212, 211, 210, 209, 208, 207, 206, 205, 204, 201, 200, 197, 196, 195, 194, 193, 192, 191, 190, 189, 188, 186, 185, 182, 180, 179, 178, 177, 176, 175, 174, 173, 172, 170, 169, 168, 166, 165, 164, 163, 162, 161, 160, 159, 157, 156, 154, 153, 152, 150, 149, 148, 147, 145, 144, 143, 142, 141, 140, 137, 136, 135, 133, 132, 131, 130, 129, 128, 126, 125, 124, 122, 121, 119, 118, 116, 115, 114, 113, 110, 109, 107, 106, 105, 104, 103, 102, 101, 98, 97, 96, 94, 92, 91, 90, 88, 86, 85, 84, 83, 82, 80, 79, 77, 76, 75, 74, 73, 72, 69, 68, 66, 65, 64, 62, 61, 59, 58, 56, 55, 54, 52, 51, 50, 48, 47, 46, 45, 44, 43, 42, 41, 40, 39, 38, 37, 36, 34, 33, 32, 31, 30, 29, 27, 25, 24, 22, 21, 20, 18, 16, 15, 14, 12, 10, 9, 8, 7, 6, 3, 2, 0])
SIMULATION = False
samples_num = 3500000
result_df = 2872033
common_samples_df quantile = 0.6
common_samples_df = 1087647
stitch_shift_size = 1
window_size = 22
allowCycle = False
