
RESULT_NUMBER = 1
original key(len=512):
00000010001101000101011001111000100110101011110011011110111100011101110010111010100110000111011001010100001100100001000100010010001000110011010001000101010101100110011101111000100010011001101010101011101111001100110111011110111011110001111011101101110111001100101110111010101010011001100010000111011101100110010101010100010000110011001000100001000100000000000100010001001000100010001100110011010001000100010101010101011001100110011101110111100010001000100110011001101010101010101110111011110011001100110111011101
candidate_key(len=446):
00100110101011100110111011100101101100101111010011000011011001010100001100100001000100010010001000110011010001000101010101100110011011100010001001100110101010101110111001100110111011101110111000111011101101110111001100101110111010101010011001100010000110111011001100101010101000100001100110010001000010001000000000001000100010010001000100010010010100010001000101010101010100100100110110110001000100010010010010101010101010110110110010010010110110
key.find(candidate_key) = -1
levenshtein_edit_dist(key, candidate_key) = 
({'I': 0, 'DIST': 66, 'D': 66, 'F': 0}, [510, 509, 508, 506, 505, 504, 502, 501, 499, 498, 497, 495, 494, 493, 491, 490, 489, 488, 485, 484, 483, 481, 480, 479, 477, 476, 475, 474, 473, 472, 471, 470, 469, 468, 467, 466, 465, 464, 462, 461, 460, 458, 457, 456, 454, 453, 452, 451, 450, 449, 448, 447, 446, 445, 444, 443, 442, 441, 440, 439, 436, 435, 434, 432, 431, 430, 428, 427, 426, 424, 423, 422, 420, 419, 418, 416, 415, 414, 413, 412, 411, 410, 409, 408, 407, 406, 405, 404, 403, 402, 401, 400, 399, 398, 397, 396, 395, 394, 393, 392, 391, 389, 388, 387, 385, 384, 383, 381, 380, 379, 378, 377, 376, 375, 374, 373, 372, 371, 370, 369, 368, 367, 366, 365, 364, 363, 362, 361, 360, 359, 358, 357, 356, 355, 354, 353, 352, 351, 350, 349, 348, 347, 346, 345, 344, 343, 342, 341, 340, 339, 338, 337, 336, 335, 334, 333, 332, 331, 330, 329, 328, 327, 326, 325, 324, 323, 322, 321, 320, 319, 318, 317, 316, 315, 314, 313, 312, 311, 310, 309, 308, 307, 306, 305, 304, 303, 302, 301, 300, 299, 298, 297, 296, 295, 294, 292, 291, 290, 289, 288, 287, 286, 285, 284, 283, 282, 281, 280, 279, 278, 277, 276, 275, 274, 273, 272, 271, 270, 269, 268, 267, 266, 265, 264, 263, 262, 261, 260, 259, 258, 257, 256, 255, 254, 253, 252, 251, 250, 249, 248, 247, 246, 245, 244, 243, 242, 241, 240, 239, 238, 237, 236, 234, 233, 232, 231, 230, 229, 227, 226, 225, 224, 223, 222, 221, 220, 218, 217, 216, 215, 214, 213, 212, 211, 210, 209, 208, 207, 206, 205, 204, 203, 201, 200, 199, 198, 197, 196, 195, 194, 193, 192, 191, 190, 189, 188, 187, 186, 185, 184, 183, 182, 181, 180, 179, 178, 177, 176, 175, 174, 173, 172, 171, 170, 168, 167, 166, 164, 163, 162, 161, 160, 159, 158, 157, 156, 155, 154, 153, 152, 151, 150, 149, 148, 147, 146, 145, 144, 143, 142, 141, 140, 139, 138, 137, 136, 135, 134, 133, 132, 131, 130, 129, 128, 127, 126, 125, 124, 123, 122, 121, 120, 119, 118, 117, 116, 115, 114, 113, 112, 111, 110, 109, 108, 107, 106, 105, 104, 103, 102, 101, 100, 99, 98, 97, 96, 95, 94, 93, 92, 91, 90, 88, 87, 86, 85, 84, 83, 82, 81, 80, 79, 78, 76, 75, 74, 73, 72, 71, 70, 69, 68, 66, 65, 64, 62, 59, 55, 50, 49, 48, 45, 41, 40, 38, 36, 34, 32, 28, 24, 23, 22, 21, 19, 18, 17, 16, 13, 12, 11, 10, 9, 8, 6, 5, 4])
SIMULATION = False
samples_num = 100000
result_df = 1473984
common_samples_df quantile = 0.6
common_samples_df = 79367
stitch_shift_size = 1
window_size = 30
allowCycle = False

RESULT_NUMBER = 2
original key(len=512):
00000010001101000101011001111000100110101011110011011110111100011101110010111010100110000111011001010100001100100001000100010010001000110011010001000101010101100110011101111000100010011001101010101011101111001100110111011110111011110001111011101101110111001100101110111010101010011001100010000111011101100110010101010100010000110011001000100001000100000000000100010001001000100010001100110011010001000100010101010101011001100110011101110111100010001000100110011001101010101010101110111011110011001100110111011101
candidate_key(len=474):
000000000000001000101011001110001001101010111001101110111000110111001011101010011000011101100101010000110010000100010001001000100011001101000100010101010110011001101110001000100110011010101010111011100110011011101110110111000111011011011011100110010111011010101010011001100010000110111011001100101010101000100001100110010001000010001000000000001000100010010001000100010010010100010001000101010101010100100100110110110001000100010010010010101010101010110110110010010010110110
key.find(candidate_key) = -1
levenshtein_edit_dist(key, candidate_key) = 
({'I': 1, 'DIST': 43, 'D': 39, 'F': 3}, [510, 509, 508, 506, 505, 504, 502, 501, 499, 498, 497, 495, 494, 493, 491, 490, 489, 488, 485, 484, 483, 481, 480, 479, 477, 476, 475, 474, 473, 472, 471, 470, 469, 468, 467, 466, 465, 464, 462, 461, 460, 458, 457, 456, 454, 453, 452, 451, 450, 449, 448, 447, 446, 445, 444, 443, 442, 441, 440, 439, 436, 435, 434, 432, 431, 430, 428, 427, 426, 424, 423, 422, 420, 419, 418, 416, 415, 414, 413, 412, 411, 410, 409, 408, 407, 406, 405, 404, 403, 402, 401, 400, 399, 398, 397, 396, 395, 394, 393, 392, 391, 389, 388, 387, 385, 384, 383, 381, 380, 379, 378, 377, 376, 375, 374, 373, 372, 371, 370, 369, 368, 367, 366, 365, 364, 363, 362, 361, 360, 359, 358, 357, 356, 355, 354, 353, 352, 351, 350, 349, 348, 347, 346, 345, 344, 343, 342, 341, 340, 339, 338, 337, 336, 335, 334, 333, 332, 331, 330, 329, 328, 327, 326, 325, 324, 323, 322, 321, 320, 319, 318, 317, 316, 315, 314, 313, 312, 311, 310, 309, 308, 307, 306, 305, 304, 303, 302, 301, 300, 299, 298, 297, 296, 295, 294, 292, 291, 290, 289, 288, 287, 286, 285, 284, 283, 282, 281, 280, 279, 278, 277, 276, 275, 274, 273, 272, 271, 270, 269, 268, 267, 265, 264, 263, 262, 261, 260, 259, 258, 257, 256, 255, 254, 253, 252, 251, 250, 249, 248, 246, 245, 244, 243, 242, 241, 239, 238, 237, 236, 234, 233, 232, 231, 230, 229, 227, 226, 225, 223, 222, 221, 220, 218, 217, 216, 215, 214, 213, 212, 211, 210, 209, 208, 207, 206, 205, 204, 203, 201, 200, 199, 198, 197, 196, 195, 194, 193, 192, 191, 190, 189, 188, 187, 186, 185, 184, 183, 182, 181, 180, 179, 178, 177, 176, 175, 174, 173, 172, 171, 170, 168, 167, 166, 164, 163, 162, 161, 160, 159, 158, 157, 156, 155, 154, 153, 152, 151, 150, 149, 148, 147, 146, 145, 144, 143, 142, 141, 140, 139, 138, 137, 136, 135, 134, 133, 132, 131, 130, 129, 128, 127, 126, 125, 124, 123, 122, 121, 120, 119, 118, 117, 116, 115, 114, 113, 112, 111, 110, 109, 108, 107, 106, 105, 104, 103, 102, 101, 100, 99, 98, 97, 96, 95, 94, 93, 92, 91, 90, 89, 88, 87, 86, 85, 84, 83, 82, 81, 80, 79, 78, 77, 76, 75, 74, 73, 72, 71, 70, 69, 68, 67, 66, 65, 64, 62, 61, 60, 59, 58, 57, 55, 54, 53, 52, 50, 49, 48, 47, 46, 45, 44, 43, 41, 40, 39, 38, 37, 36, 35, 34, 33, 32, 31, 30, 29, 28, 27, 26, 24, 23, 22, 21, 20, 19, 18, 17, 16, 15, 14, 13, 12, 9, 8, 7, 5, 4, 3, 2, 1, 0])
SIMULATION = False
samples_num = 300000
result_df = 4049959
common_samples_df quantile = 0.6
common_samples_df = 332884
stitch_shift_size = 1
window_size = 30
allowCycle = False

RESULT_NUMBER = 3
original key(len=512):
00000010001101000101011001111000100110101011110011011110111100011101110010111010100110000111011001010100001100100001000100010010001000110011010001000101010101100110011101111000100010011001101010101011101111001100110111011110111011110001111011101101110111001100101110111010101010011001100010000111011101100110010101010100010000110011001000100001000100000000000100010001001000100010001100110011010001000100010101010101011001100110011101110111100010001000100110011001101010101010101110111011110011001100110111011101
candidate_key(len=474):
000000000000001011011101100111000100110101011100110111011100011011100101110101001100001110110010101000011001000010001000100100010001100110100010001010101011001100110111000100010011001101010101011011100110011011011101101110001110110110111011100110010111011010101010011001100010000110111011001100101010101000100001100110010001000010001000000000001000100010010001000100010010010100010001000101010101010100100100110110110001000100010010010010101010101010110110110010010010110110
key.find(candidate_key) = -1
levenshtein_edit_dist(key, candidate_key) = 
({'I': 2, 'DIST': 47, 'D': 40, 'F': 5}, [510, 509, 508, 506, 505, 504, 502, 501, 499, 498, 497, 495, 494, 493, 491, 490, 489, 488, 485, 484, 483, 481, 480, 479, 477, 476, 475, 474, 473, 472, 471, 470, 469, 468, 467, 466, 465, 464, 462, 461, 460, 458, 457, 456, 454, 453, 452, 451, 450, 449, 448, 447, 446, 445, 444, 443, 442, 441, 440, 439, 436, 435, 434, 432, 431, 430, 428, 427, 426, 424, 423, 422, 420, 419, 418, 416, 415, 414, 413, 412, 411, 410, 409, 408, 407, 406, 405, 404, 403, 402, 401, 400, 399, 398, 397, 396, 395, 394, 393, 392, 391, 389, 388, 387, 385, 384, 383, 381, 380, 379, 378, 377, 376, 375, 374, 373, 372, 371, 370, 369, 368, 367, 366, 365, 364, 363, 362, 361, 360, 359, 358, 357, 356, 355, 354, 353, 352, 351, 350, 349, 348, 347, 346, 345, 344, 343, 342, 341, 340, 339, 338, 337, 336, 335, 334, 333, 332, 331, 330, 329, 328, 327, 326, 325, 324, 323, 322, 321, 320, 319, 318, 317, 316, 315, 314, 313, 312, 311, 310, 309, 308, 307, 306, 305, 304, 303, 302, 301, 300, 299, 298, 297, 296, 295, 294, 292, 291, 290, 289, 288, 287, 286, 285, 284, 283, 282, 281, 280, 279, 278, 277, 276, 275, 274, 273, 272, 271, 270, 269, 268, 267, 265, 264, 263, 262, 261, 260, 259, 258, 257, 256, 255, 254, 253, 252, 251, 250, 249, 248, 247, 246, 245, 244, 243, 242, 241, 239, 238, 237, 236, 234, 233, 232, 231, 230, 229, 227, 226, 225, 223, 222, 221, 220, 218, 217, 216, 214, 213, 212, 211, 210, 209, 208, 207, 206, 205, 204, 203, 201, 200, 199, 197, 196, 195, 194, 193, 192, 191, 190, 189, 188, 187, 186, 185, 184, 183, 182, 181, 180, 179, 178, 177, 176, 175, 174, 173, 172, 171, 170, 168, 167, 166, 164, 163, 162, 161, 160, 159, 158, 157, 156, 155, 154, 153, 152, 151, 150, 149, 148, 147, 146, 145, 144, 143, 142, 141, 140, 139, 138, 137, 136, 135, 134, 133, 132, 131, 130, 129, 128, 127, 126, 125, 124, 123, 122, 121, 120, 119, 118, 117, 116, 115, 114, 113, 112, 111, 110, 109, 108, 107, 106, 105, 104, 103, 102, 101, 100, 99, 98, 97, 96, 95, 94, 93, 92, 91, 90, 89, 88, 87, 86, 85, 84, 83, 82, 81, 80, 79, 78, 77, 76, 75, 74, 73, 72, 71, 70, 69, 68, 67, 66, 65, 64, 62, 61, 60, 59, 58, 57, 55, 54, 53, 52, 50, 49, 48, 47, 46, 45, 44, 43, 41, 40, 39, 38, 37, 36, 35, 34, 33, 32, 31, 30, 29, 28, 27, 26, 24, 23, 22, 21, 20, 19, 17, 16, 14, 13, 12, 9, 8, 7, 5, 4, 3, 2, 1, 0])
SIMULATION = False
samples_num = 600000
result_df = 7288217
common_samples_df quantile = 0.6
common_samples_df = 819388
stitch_shift_size = 1
window_size = 30
allowCycle = False

RESULT_NUMBER = 4
original key(len=512):
00000010001101000101011001111000100110101011110011011110111100011101110010111010100110000111011001010100001100100001000100010010001000110011010001000101010101100110011101111000100010011001101010101011101111001100110111011110111011110001111011101101110111001100101110111010101010011001100010000111011101100110010101010100010000110011001000100001000100000000000100010001001000100010001100110011010001000100010101010101011001100110011101110111100010001000100110011001101010101010101110111011110011001100110111011101
candidate_key(len=477):
000000000000001011010101100111111010011010101110011011101110001101110010111010100110000111011001010100001100100001000100010010001000110011010001000101010101100110011011100010001001100110101010101101110011001101101110110111000111011101101110110011001011101111101010100110011000100001110111011001100101010101000100001100110010001000010001000000000001000100010010001000100010010010100010001000101010101010100100100110110110001000100010010010010101010101010110110110010010010110110
key.find(candidate_key) = -1
levenshtein_edit_dist(key, candidate_key) = 
({'I': 2, 'DIST': 46, 'D': 37, 'F': 7}, [510, 509, 508, 506, 505, 504, 502, 501, 499, 498, 497, 495, 494, 493, 491, 490, 489, 488, 485, 484, 483, 481, 480, 479, 477, 476, 475, 474, 473, 472, 471, 470, 469, 468, 467, 466, 465, 464, 462, 461, 460, 458, 457, 456, 454, 453, 452, 451, 450, 449, 448, 447, 446, 445, 444, 443, 442, 441, 440, 439, 436, 435, 434, 432, 431, 430, 428, 427, 426, 424, 423, 422, 420, 419, 418, 416, 415, 414, 413, 412, 411, 410, 409, 408, 407, 406, 405, 404, 403, 402, 401, 400, 399, 398, 397, 396, 395, 394, 393, 392, 391, 389, 388, 387, 385, 384, 383, 381, 380, 379, 378, 377, 376, 375, 374, 373, 372, 371, 370, 369, 368, 367, 366, 365, 364, 363, 362, 361, 360, 359, 358, 357, 356, 355, 354, 353, 352, 351, 350, 349, 348, 347, 346, 345, 344, 343, 342, 341, 340, 339, 338, 337, 336, 335, 334, 333, 332, 331, 330, 329, 328, 327, 326, 325, 324, 323, 322, 321, 320, 319, 318, 317, 316, 315, 314, 313, 312, 311, 310, 309, 308, 307, 306, 305, 304, 303, 302, 301, 300, 299, 298, 297, 296, 295, 294, 293, 292, 291, 290, 289, 288, 287, 286, 285, 284, 283, 282, 281, 280, 279, 278, 277, 276, 275, 274, 273, 272, 271, 270, 268, 267, 266, 265, 264, 263, 262, 261, 260, 259, 258, 257, 256, 255, 254, 253, 252, 250, 249, 248, 247, 246, 245, 244, 243, 242, 241, 240, 239, 238, 237, 236, 234, 233, 232, 231, 230, 229, 227, 226, 225, 223, 222, 221, 220, 218, 217, 216, 214, 213, 212, 211, 210, 209, 208, 207, 206, 205, 204, 203, 201, 200, 199, 197, 196, 195, 194, 193, 192, 191, 190, 189, 188, 187, 186, 185, 184, 183, 182, 181, 180, 179, 178, 177, 176, 175, 174, 173, 172, 171, 170, 168, 167, 166, 164, 163, 162, 161, 160, 159, 158, 157, 156, 155, 154, 153, 152, 151, 150, 149, 148, 147, 146, 145, 144, 143, 142, 141, 140, 139, 138, 137, 136, 135, 134, 133, 132, 131, 130, 129, 128, 127, 126, 125, 124, 123, 122, 121, 120, 119, 118, 117, 116, 115, 114, 113, 112, 111, 110, 109, 108, 107, 106, 105, 104, 103, 102, 101, 100, 99, 98, 97, 96, 95, 94, 93, 92, 91, 90, 89, 88, 87, 86, 85, 84, 83, 82, 81, 80, 79, 78, 77, 76, 75, 74, 73, 72, 71, 70, 69, 68, 67, 66, 65, 64, 62, 61, 60, 59, 58, 57, 55, 54, 53, 52, 50, 49, 48, 47, 46, 45, 44, 43, 41, 40, 39, 38, 37, 36, 35, 34, 33, 32, 31, 28, 27, 26, 25, 24, 23, 22, 21, 20, 19, 18, 17, 16, 14, 13, 12, 9, 8, 7, 5, 4, 3, 2, 1, 0])
SIMULATION = False
samples_num = 800000
result_df = 9515292
common_samples_df quantile = 0.6
common_samples_df = 1207007
stitch_shift_size = 1
window_size = 30
allowCycle = False

RESULT_NUMBER = 5
original key(len=512):
00000010001101000101011001111000100110101011110011011110111100011101110010111010100110000111011001010100001100100001000100010010001000110011010001000101010101100110011101111000100010011001101010101011101111001100110111011110111011110001111011101101110111001100101110111010101010011001100010000111011101100110010101010100010000110011001000100001000100000000000100010001001000100010001100110011010001000100010101010101011001100110011101110111100010001000100110011001101010101010101110111011110011001100110111011101
candidate_key(len=481):
0111011011011101011010001110111011101110110111011110110111011101101110111001011010100110000111011001010100001100100001000100010010001000110011010001000101010101100110011101110001000100110011010101010110111001100110110111011011100011101101101110111001100101110110101010100110011000100001110111011001100101010101000100001100110010001000010001000000000001000100010010001000100010010010100010001000101010101010100100100110110110001000100010010010010101010101010110110110010010010110110
key.find(candidate_key) = -1
levenshtein_edit_dist(key, candidate_key) = 
({'I': 5, 'DIST': 56, 'D': 36, 'F': 15}, [510, 509, 508, 506, 505, 504, 502, 501, 499, 498, 497, 495, 494, 493, 491, 490, 489, 488, 485, 484, 483, 481, 480, 479, 477, 476, 475, 474, 473, 472, 471, 470, 469, 468, 467, 466, 465, 464, 462, 461, 460, 458, 457, 456, 454, 453, 452, 451, 450, 449, 448, 447, 446, 445, 444, 443, 442, 441, 440, 439, 436, 435, 434, 432, 431, 430, 428, 427, 426, 424, 423, 422, 420, 419, 418, 416, 415, 414, 413, 412, 411, 410, 409, 408, 407, 406, 405, 404, 403, 402, 401, 400, 399, 398, 397, 396, 395, 394, 393, 392, 391, 389, 388, 387, 385, 384, 383, 381, 380, 379, 378, 377, 376, 375, 374, 373, 372, 371, 370, 369, 368, 367, 366, 365, 364, 363, 362, 361, 360, 359, 358, 357, 356, 355, 354, 353, 352, 351, 350, 349, 348, 347, 346, 345, 344, 343, 342, 341, 340, 339, 338, 337, 336, 335, 334, 333, 332, 331, 330, 329, 328, 327, 326, 325, 324, 323, 322, 321, 320, 319, 318, 317, 316, 315, 314, 313, 312, 311, 310, 309, 308, 307, 306, 305, 304, 303, 302, 301, 300, 299, 298, 297, 296, 295, 294, 293, 292, 291, 290, 289, 288, 287, 286, 285, 284, 283, 282, 281, 280, 279, 278, 277, 276, 275, 274, 273, 272, 271, 270, 269, 268, 267, 265, 264, 263, 262, 261, 260, 259, 258, 257, 256, 255, 254, 253, 252, 251, 250, 249, 248, 247, 246, 245, 244, 243, 242, 241, 239, 238, 237, 236, 234, 233, 232, 231, 230, 229, 227, 226, 225, 223, 222, 221, 220, 218, 217, 216, 214, 213, 212, 211, 210, 209, 208, 207, 206, 205, 204, 203, 201, 200, 199, 197, 196, 195, 194, 193, 192, 191, 190, 189, 188, 187, 186, 185, 184, 183, 182, 181, 180, 179, 178, 177, 176, 175, 174, 173, 172, 171, 170, 168, 167, 166, 165, 164, 163, 162, 161, 160, 159, 158, 157, 156, 155, 154, 153, 152, 151, 150, 149, 148, 147, 146, 145, 144, 143, 142, 141, 140, 139, 138, 137, 136, 135, 134, 133, 132, 131, 130, 129, 128, 127, 126, 125, 124, 123, 122, 121, 120, 119, 118, 117, 116, 115, 114, 113, 112, 111, 110, 109, 108, 107, 106, 105, 104, 103, 102, 101, 100, 99, 98, 97, 96, 95, 94, 93, 92, 91, 90, 89, 88, 87, 86, 85, 84, 83, 82, 81, 80, 79, 78, 77, 76, 75, 73, 72, 71, 70, 69, 68, 67, 66, 65, 64, 63, 62, 58, 57, 56, 55, 54, 53, 52, 50, 49, 48, 47, 45, 44, 43, 42, 41, 40, 38, 37, 36, 35, 34, 32, 30, 28, 27, 26, 25, 23, 22, 21, 20, 18, 17, 16, 14, 13, 12, 11, 10, 8, 6, 5, 2, 0])
SIMULATION = False
samples_num = 1000000
result_df = 11537514
common_samples_df quantile = 0.6
common_samples_df = 1597541
stitch_shift_size = 1
window_size = 30
allowCycle = False

RESULT_NUMBER = 6
original key(len=512):
00000010001101000101011001111000100110101011110011011110111100011101110010111010100110000111011001010100001100100001000100010010001000110011010001000101010101100110011101111000100010011001101010101011101111001100110111011110111011110001111011101101110111001100101110111010101010011001100010000111011101100110010101010100010000110011001000100001000100000000000100010001001000100010001100110011010001000100010101010101011001100110011101110111100010001000100110011001101010101010101110111011110011001100110111011101
candidate_key(len=491):
01010111100111011011110011110110111110110111001111011010101110111011101110011110111001011101010011000011101100101010000110010000100010001001000100011001101000100010101010110011001101110001000100110011010101010110111001100110110111011011100011101110110111011001100101110111101010100110011000100001110111011001100101010101000100001100110010001000010001000000000001000100010010001000100010010010100010001000101010101010100100100110110110001000100010010010010101010101010110110110010010010110110
key.find(candidate_key) = -1
levenshtein_edit_dist(key, candidate_key) = 
({'I': 15, 'DIST': 60, 'D': 36, 'F': 9}, [510, 509, 508, 506, 505, 504, 502, 501, 499, 498, 497, 495, 494, 493, 491, 490, 489, 488, 485, 484, 483, 481, 480, 479, 477, 476, 475, 474, 473, 472, 471, 470, 469, 468, 467, 466, 465, 464, 462, 461, 460, 458, 457, 456, 454, 453, 452, 451, 450, 449, 448, 447, 446, 445, 444, 443, 442, 441, 440, 439, 436, 435, 434, 432, 431, 430, 428, 427, 426, 424, 423, 422, 420, 419, 418, 416, 415, 414, 413, 412, 411, 410, 409, 408, 407, 406, 405, 404, 403, 402, 401, 400, 399, 398, 397, 396, 395, 394, 393, 392, 391, 389, 388, 387, 385, 384, 383, 381, 380, 379, 378, 377, 376, 375, 374, 373, 372, 371, 370, 369, 368, 367, 366, 365, 364, 363, 362, 361, 360, 359, 358, 357, 356, 355, 354, 353, 352, 351, 350, 349, 348, 347, 346, 345, 344, 343, 342, 341, 340, 339, 338, 337, 336, 335, 334, 333, 332, 331, 330, 329, 328, 327, 326, 325, 324, 323, 322, 321, 320, 319, 318, 317, 316, 315, 314, 313, 312, 311, 310, 309, 308, 307, 306, 305, 304, 303, 302, 301, 300, 299, 298, 297, 296, 295, 294, 293, 292, 291, 290, 289, 288, 287, 286, 285, 284, 283, 282, 281, 280, 279, 278, 277, 276, 275, 274, 273, 272, 271, 270, 268, 267, 266, 265, 264, 263, 262, 261, 260, 259, 258, 257, 256, 255, 254, 253, 252, 250, 249, 248, 247, 246, 245, 244, 243, 242, 241, 240, 239, 238, 237, 236, 234, 233, 232, 231, 230, 229, 227, 226, 225, 223, 222, 221, 220, 218, 217, 216, 214, 213, 212, 211, 210, 209, 208, 207, 206, 205, 204, 203, 201, 200, 199, 197, 196, 195, 194, 193, 192, 191, 190, 189, 188, 187, 186, 185, 184, 183, 182, 181, 180, 179, 178, 177, 176, 175, 174, 173, 172, 171, 170, 168, 167, 166, 164, 163, 162, 161, 160, 159, 158, 157, 156, 155, 154, 153, 152, 151, 150, 149, 148, 147, 146, 145, 144, 143, 142, 141, 140, 139, 138, 137, 136, 135, 134, 133, 132, 131, 130, 129, 128, 127, 126, 125, 124, 123, 122, 121, 120, 119, 118, 117, 116, 115, 114, 113, 112, 111, 110, 109, 108, 107, 106, 105, 104, 103, 102, 101, 100, 99, 98, 97, 96, 95, 94, 93, 92, 91, 90, 89, 88, 87, 86, 85, 84, 83, 82, 81, 80, 79, 78, 77, 76, 75, 74, 73, 72, 71, 70, 69, 68, 67, 66, 65, 64, 63, 61, 60, 59, 58, 57, 55, 54, 53, 52, 50, 49, 48, 46, 45, 44, 43, 42, 41, 40, 39, 38, 37, 36, 35, 34, 33, 32, 30, 29, 28, 27, 26, 25, 23, 22, 21, 20, 19, 17, 15, 14, 13, 11, 10, 9, 7, 6, 4, 3, 2, 1, 0])
SIMULATION = False
samples_num = 2000000
result_df = 12923233
common_samples_df quantile = 0.6
common_samples_df = 1936922
stitch_shift_size = 1
window_size = 30
allowCycle = False

RESULT_NUMBER = 7
original key(len=512):
00000010001101000101011001111000100110101011110011011110111100011101110010111010100110000111011001010100001100100001000100010010001000110011010001000101010101100110011101111000100010011001101010101011101111001100110111011110111011110001111011101101110111001100101110111010101010011001100010000111011101100110010101010100010000110011001000100001000100000000000100010001001000100010001100110011010001000100010101010101011001100110011101110111100010001000100110011001101010101010101110111011110011001100110111011101
candidate_key(len=491):
01010111100111011011110011110110111110110111001111011010101110111011101110011110111001011101010011000011101100101010000110010000100010001001000100011001101000100010101010110011001101110001000100110011010101010110111001100110110111011011100011101110110111011001100101110111101010100110011000100001110111011001100101010101000100001100110010001000010001000000000001000100010010001000100010010010100010001000101010101010100100100110110110001000100010010010010101010101010110110110010010010110110
key.find(candidate_key) = -1
levenshtein_edit_dist(key, candidate_key) = 
({'I': 15, 'DIST': 60, 'D': 36, 'F': 9}, [510, 509, 508, 506, 505, 504, 502, 501, 499, 498, 497, 495, 494, 493, 491, 490, 489, 488, 485, 484, 483, 481, 480, 479, 477, 476, 475, 474, 473, 472, 471, 470, 469, 468, 467, 466, 465, 464, 462, 461, 460, 458, 457, 456, 454, 453, 452, 451, 450, 449, 448, 447, 446, 445, 444, 443, 442, 441, 440, 439, 436, 435, 434, 432, 431, 430, 428, 427, 426, 424, 423, 422, 420, 419, 418, 416, 415, 414, 413, 412, 411, 410, 409, 408, 407, 406, 405, 404, 403, 402, 401, 400, 399, 398, 397, 396, 395, 394, 393, 392, 391, 389, 388, 387, 385, 384, 383, 381, 380, 379, 378, 377, 376, 375, 374, 373, 372, 371, 370, 369, 368, 367, 366, 365, 364, 363, 362, 361, 360, 359, 358, 357, 356, 355, 354, 353, 352, 351, 350, 349, 348, 347, 346, 345, 344, 343, 342, 341, 340, 339, 338, 337, 336, 335, 334, 333, 332, 331, 330, 329, 328, 327, 326, 325, 324, 323, 322, 321, 320, 319, 318, 317, 316, 315, 314, 313, 312, 311, 310, 309, 308, 307, 306, 305, 304, 303, 302, 301, 300, 299, 298, 297, 296, 295, 294, 293, 292, 291, 290, 289, 288, 287, 286, 285, 284, 283, 282, 281, 280, 279, 278, 277, 276, 275, 274, 273, 272, 271, 270, 268, 267, 266, 265, 264, 263, 262, 261, 260, 259, 258, 257, 256, 255, 254, 253, 252, 250, 249, 248, 247, 246, 245, 244, 243, 242, 241, 240, 239, 238, 237, 236, 234, 233, 232, 231, 230, 229, 227, 226, 225, 223, 222, 221, 220, 218, 217, 216, 214, 213, 212, 211, 210, 209, 208, 207, 206, 205, 204, 203, 201, 200, 199, 197, 196, 195, 194, 193, 192, 191, 190, 189, 188, 187, 186, 185, 184, 183, 182, 181, 180, 179, 178, 177, 176, 175, 174, 173, 172, 171, 170, 168, 167, 166, 164, 163, 162, 161, 160, 159, 158, 157, 156, 155, 154, 153, 152, 151, 150, 149, 148, 147, 146, 145, 144, 143, 142, 141, 140, 139, 138, 137, 136, 135, 134, 133, 132, 131, 130, 129, 128, 127, 126, 125, 124, 123, 122, 121, 120, 119, 118, 117, 116, 115, 114, 113, 112, 111, 110, 109, 108, 107, 106, 105, 104, 103, 102, 101, 100, 99, 98, 97, 96, 95, 94, 93, 92, 91, 90, 89, 88, 87, 86, 85, 84, 83, 82, 81, 80, 79, 78, 77, 76, 75, 74, 73, 72, 71, 70, 69, 68, 67, 66, 65, 64, 63, 61, 60, 59, 58, 57, 55, 54, 53, 52, 50, 49, 48, 46, 45, 44, 43, 42, 41, 40, 39, 38, 37, 36, 35, 34, 33, 32, 30, 29, 28, 27, 26, 25, 23, 22, 21, 20, 19, 17, 15, 14, 13, 11, 10, 9, 7, 6, 4, 3, 2, 1, 0])
SIMULATION = False
samples_num = 3000000
result_df = 12923233
common_samples_df quantile = 0.6
common_samples_df = 1936922
stitch_shift_size = 1
window_size = 30
allowCycle = False

RESULT_NUMBER = 8
original key(len=512):
00000010001101000101011001111000100110101011110011011110111100011101110010111010100110000111011001010100001100100001000100010010001000110011010001000101010101100110011101111000100010011001101010101011101111001100110111011110111011110001111011101101110111001100101110111010101010011001100010000111011101100110010101010100010000110011001000100001000100000000000100010001001000100010001100110011010001000100010101010101011001100110011101110111100010001000100110011001101010101010101110111011110011001100110111011101
candidate_key(len=446):
00100110101011100110111011100101101100101111010011000011011001010100001100100001000100010010001000110011010001000101010101100110011011100010001001100110101010101110111001100110111011101110111000111011101101110111001100101110111010101010011001100010000110111011001100101010101000100001100110010001000010001000000000001000100010010001000100010010010100010001000101010101010100100100110110110001000100010010010010101010101010110110110010010010110110
key.find(candidate_key) = -1
levenshtein_edit_dist(key, candidate_key) = 
({'I': 0, 'DIST': 66, 'D': 66, 'F': 0}, [510, 509, 508, 506, 505, 504, 502, 501, 499, 498, 497, 495, 494, 493, 491, 490, 489, 488, 485, 484, 483, 481, 480, 479, 477, 476, 475, 474, 473, 472, 471, 470, 469, 468, 467, 466, 465, 464, 462, 461, 460, 458, 457, 456, 454, 453, 452, 451, 450, 449, 448, 447, 446, 445, 444, 443, 442, 441, 440, 439, 436, 435, 434, 432, 431, 430, 428, 427, 426, 424, 423, 422, 420, 419, 418, 416, 415, 414, 413, 412, 411, 410, 409, 408, 407, 406, 405, 404, 403, 402, 401, 400, 399, 398, 397, 396, 395, 394, 393, 392, 391, 389, 388, 387, 385, 384, 383, 381, 380, 379, 378, 377, 376, 375, 374, 373, 372, 371, 370, 369, 368, 367, 366, 365, 364, 363, 362, 361, 360, 359, 358, 357, 356, 355, 354, 353, 352, 351, 350, 349, 348, 347, 346, 345, 344, 343, 342, 341, 340, 339, 338, 337, 336, 335, 334, 333, 332, 331, 330, 329, 328, 327, 326, 325, 324, 323, 322, 321, 320, 319, 318, 317, 316, 315, 314, 313, 312, 311, 310, 309, 308, 307, 306, 305, 304, 303, 302, 301, 300, 299, 298, 297, 296, 295, 294, 292, 291, 290, 289, 288, 287, 286, 285, 284, 283, 282, 281, 280, 279, 278, 277, 276, 275, 274, 273, 272, 271, 270, 269, 268, 267, 266, 265, 264, 263, 262, 261, 260, 259, 258, 257, 256, 255, 254, 253, 252, 251, 250, 249, 248, 247, 246, 245, 244, 243, 242, 241, 240, 239, 238, 237, 236, 234, 233, 232, 231, 230, 229, 227, 226, 225, 224, 223, 222, 221, 220, 218, 217, 216, 215, 214, 213, 212, 211, 210, 209, 208, 207, 206, 205, 204, 203, 201, 200, 199, 198, 197, 196, 195, 194, 193, 192, 191, 190, 189, 188, 187, 186, 185, 184, 183, 182, 181, 180, 179, 178, 177, 176, 175, 174, 173, 172, 171, 170, 168, 167, 166, 164, 163, 162, 161, 160, 159, 158, 157, 156, 155, 154, 153, 152, 151, 150, 149, 148, 147, 146, 145, 144, 143, 142, 141, 140, 139, 138, 137, 136, 135, 134, 133, 132, 131, 130, 129, 128, 127, 126, 125, 124, 123, 122, 121, 120, 119, 118, 117, 116, 115, 114, 113, 112, 111, 110, 109, 108, 107, 106, 105, 104, 103, 102, 101, 100, 99, 98, 97, 96, 95, 94, 93, 92, 91, 90, 88, 87, 86, 85, 84, 83, 82, 81, 80, 79, 78, 76, 75, 74, 73, 72, 71, 70, 69, 68, 66, 65, 64, 62, 59, 55, 50, 49, 48, 45, 41, 40, 38, 36, 34, 32, 28, 24, 23, 22, 21, 19, 18, 17, 16, 13, 12, 11, 10, 9, 8, 6, 5, 4])
SIMULATION = False
samples_num = 100000
result_df = 1473984
common_samples_df quantile = 0.8
common_samples_df = 79367
stitch_shift_size = 1
window_size = 30
allowCycle = False

RESULT_NUMBER = 9
original key(len=512):
00000010001101000101011001111000100110101011110011011110111100011101110010111010100110000111011001010100001100100001000100010010001000110011010001000101010101100110011101111000100010011001101010101011101111001100110111011110111011110001111011101101110111001100101110111010101010011001100010000111011101100110010101010100010000110011001000100001000100000000000100010001001000100010001100110011010001000100010101010101011001100110011101110111100010001000100110011001101010101010101110111011110011001100110111011101
candidate_key(len=474):
000000000000001000101011001110001001101010111001101110111000110111001011101010011000011101100101010000110010000100010001001000100011001101000100010101010110011001101110001000100110011010101010111011100110011011101110110111000111011011011011100110010111011010101010011001100010000110111011001100101010101000100001100110010001000010001000000000001000100010010001000100010010010100010001000101010101010100100100110110110001000100010010010010101010101010110110110010010010110110
key.find(candidate_key) = -1
levenshtein_edit_dist(key, candidate_key) = 
({'I': 1, 'DIST': 43, 'D': 39, 'F': 3}, [510, 509, 508, 506, 505, 504, 502, 501, 499, 498, 497, 495, 494, 493, 491, 490, 489, 488, 485, 484, 483, 481, 480, 479, 477, 476, 475, 474, 473, 472, 471, 470, 469, 468, 467, 466, 465, 464, 462, 461, 460, 458, 457, 456, 454, 453, 452, 451, 450, 449, 448, 447, 446, 445, 444, 443, 442, 441, 440, 439, 436, 435, 434, 432, 431, 430, 428, 427, 426, 424, 423, 422, 420, 419, 418, 416, 415, 414, 413, 412, 411, 410, 409, 408, 407, 406, 405, 404, 403, 402, 401, 400, 399, 398, 397, 396, 395, 394, 393, 392, 391, 389, 388, 387, 385, 384, 383, 381, 380, 379, 378, 377, 376, 375, 374, 373, 372, 371, 370, 369, 368, 367, 366, 365, 364, 363, 362, 361, 360, 359, 358, 357, 356, 355, 354, 353, 352, 351, 350, 349, 348, 347, 346, 345, 344, 343, 342, 341, 340, 339, 338, 337, 336, 335, 334, 333, 332, 331, 330, 329, 328, 327, 326, 325, 324, 323, 322, 321, 320, 319, 318, 317, 316, 315, 314, 313, 312, 311, 310, 309, 308, 307, 306, 305, 304, 303, 302, 301, 300, 299, 298, 297, 296, 295, 294, 292, 291, 290, 289, 288, 287, 286, 285, 284, 283, 282, 281, 280, 279, 278, 277, 276, 275, 274, 273, 272, 271, 270, 269, 268, 267, 265, 264, 263, 262, 261, 260, 259, 258, 257, 256, 255, 254, 253, 252, 251, 250, 249, 248, 246, 245, 244, 243, 242, 241, 239, 238, 237, 236, 234, 233, 232, 231, 230, 229, 227, 226, 225, 223, 222, 221, 220, 218, 217, 216, 215, 214, 213, 212, 211, 210, 209, 208, 207, 206, 205, 204, 203, 201, 200, 199, 198, 197, 196, 195, 194, 193, 192, 191, 190, 189, 188, 187, 186, 185, 184, 183, 182, 181, 180, 179, 178, 177, 176, 175, 174, 173, 172, 171, 170, 168, 167, 166, 164, 163, 162, 161, 160, 159, 158, 157, 156, 155, 154, 153, 152, 151, 150, 149, 148, 147, 146, 145, 144, 143, 142, 141, 140, 139, 138, 137, 136, 135, 134, 133, 132, 131, 130, 129, 128, 127, 126, 125, 124, 123, 122, 121, 120, 119, 118, 117, 116, 115, 114, 113, 112, 111, 110, 109, 108, 107, 106, 105, 104, 103, 102, 101, 100, 99, 98, 97, 96, 95, 94, 93, 92, 91, 90, 89, 88, 87, 86, 85, 84, 83, 82, 81, 80, 79, 78, 77, 76, 75, 74, 73, 72, 71, 70, 69, 68, 67, 66, 65, 64, 62, 61, 60, 59, 58, 57, 55, 54, 53, 52, 50, 49, 48, 47, 46, 45, 44, 43, 41, 40, 39, 38, 37, 36, 35, 34, 33, 32, 31, 30, 29, 28, 27, 26, 24, 23, 22, 21, 20, 19, 18, 17, 16, 15, 14, 13, 12, 9, 8, 7, 5, 4, 3, 2, 1, 0])
SIMULATION = False
samples_num = 300000
result_df = 4049959
common_samples_df quantile = 0.8
common_samples_df = 332884
stitch_shift_size = 1
window_size = 30
allowCycle = False

RESULT_NUMBER = 10
original key(len=512):
00000010001101000101011001111000100110101011110011011110111100011101110010111010100110000111011001010100001100100001000100010010001000110011010001000101010101100110011101111000100010011001101010101011101111001100110111011110111011110001111011101101110111001100101110111010101010011001100010000111011101100110010101010100010000110011001000100001000100000000000100010001001000100010001100110011010001000100010101010101011001100110011101110111100010001000100110011001101010101010101110111011110011001100110111011101
candidate_key(len=474):
000000000000001011011101100111000100110101011100110111011100011011100101110101001100001110110010101000011001000010001000100100010001100110100010001010101011001100110111000100010011001101010101011011100110011011011101101110001110110110111011100110010111011010101010011001100010000110111011001100101010101000100001100110010001000010001000000000001000100010010001000100010010010100010001000101010101010100100100110110110001000100010010010010101010101010110110110010010010110110
key.find(candidate_key) = -1
levenshtein_edit_dist(key, candidate_key) = 
({'I': 2, 'DIST': 47, 'D': 40, 'F': 5}, [510, 509, 508, 506, 505, 504, 502, 501, 499, 498, 497, 495, 494, 493, 491, 490, 489, 488, 485, 484, 483, 481, 480, 479, 477, 476, 475, 474, 473, 472, 471, 470, 469, 468, 467, 466, 465, 464, 462, 461, 460, 458, 457, 456, 454, 453, 452, 451, 450, 449, 448, 447, 446, 445, 444, 443, 442, 441, 440, 439, 436, 435, 434, 432, 431, 430, 428, 427, 426, 424, 423, 422, 420, 419, 418, 416, 415, 414, 413, 412, 411, 410, 409, 408, 407, 406, 405, 404, 403, 402, 401, 400, 399, 398, 397, 396, 395, 394, 393, 392, 391, 389, 388, 387, 385, 384, 383, 381, 380, 379, 378, 377, 376, 375, 374, 373, 372, 371, 370, 369, 368, 367, 366, 365, 364, 363, 362, 361, 360, 359, 358, 357, 356, 355, 354, 353, 352, 351, 350, 349, 348, 347, 346, 345, 344, 343, 342, 341, 340, 339, 338, 337, 336, 335, 334, 333, 332, 331, 330, 329, 328, 327, 326, 325, 324, 323, 322, 321, 320, 319, 318, 317, 316, 315, 314, 313, 312, 311, 310, 309, 308, 307, 306, 305, 304, 303, 302, 301, 300, 299, 298, 297, 296, 295, 294, 292, 291, 290, 289, 288, 287, 286, 285, 284, 283, 282, 281, 280, 279, 278, 277, 276, 275, 274, 273, 272, 271, 270, 269, 268, 267, 265, 264, 263, 262, 261, 260, 259, 258, 257, 256, 255, 254, 253, 252, 251, 250, 249, 248, 247, 246, 245, 244, 243, 242, 241, 239, 238, 237, 236, 234, 233, 232, 231, 230, 229, 227, 226, 225, 223, 222, 221, 220, 218, 217, 216, 214, 213, 212, 211, 210, 209, 208, 207, 206, 205, 204, 203, 201, 200, 199, 197, 196, 195, 194, 193, 192, 191, 190, 189, 188, 187, 186, 185, 184, 183, 182, 181, 180, 179, 178, 177, 176, 175, 174, 173, 172, 171, 170, 168, 167, 166, 164, 163, 162, 161, 160, 159, 158, 157, 156, 155, 154, 153, 152, 151, 150, 149, 148, 147, 146, 145, 144, 143, 142, 141, 140, 139, 138, 137, 136, 135, 134, 133, 132, 131, 130, 129, 128, 127, 126, 125, 124, 123, 122, 121, 120, 119, 118, 117, 116, 115, 114, 113, 112, 111, 110, 109, 108, 107, 106, 105, 104, 103, 102, 101, 100, 99, 98, 97, 96, 95, 94, 93, 92, 91, 90, 89, 88, 87, 86, 85, 84, 83, 82, 81, 80, 79, 78, 77, 76, 75, 74, 73, 72, 71, 70, 69, 68, 67, 66, 65, 64, 62, 61, 60, 59, 58, 57, 55, 54, 53, 52, 50, 49, 48, 47, 46, 45, 44, 43, 41, 40, 39, 38, 37, 36, 35, 34, 33, 32, 31, 30, 29, 28, 27, 26, 24, 23, 22, 21, 20, 19, 17, 16, 14, 13, 12, 9, 8, 7, 5, 4, 3, 2, 1, 0])
SIMULATION = False
samples_num = 600000
result_df = 7288217
common_samples_df quantile = 0.8
common_samples_df = 819388
stitch_shift_size = 1
window_size = 30
allowCycle = False

RESULT_NUMBER = 11
original key(len=512):
00000010001101000101011001111000100110101011110011011110111100011101110010111010100110000111011001010100001100100001000100010010001000110011010001000101010101100110011101111000100010011001101010101011101111001100110111011110111011110001111011101101110111001100101110111010101010011001100010000111011101100110010101010100010000110011001000100001000100000000000100010001001000100010001100110011010001000100010101010101011001100110011101110111100010001000100110011001101010101010101110111011110011001100110111011101
candidate_key(len=477):
000000000000001011010101100111111010011010101110011011101110001101110010111010100110000111011001010100001100100001000100010010001000110011010001000101010101100110011011100010001001100110101010101101110011001101101110110111000111011101101110110011001011101111101010100110011000100001110111011001100101010101000100001100110010001000010001000000000001000100010010001000100010010010100010001000101010101010100100100110110110001000100010010010010101010101010110110110010010010110110
key.find(candidate_key) = -1
levenshtein_edit_dist(key, candidate_key) = 
({'I': 2, 'DIST': 46, 'D': 37, 'F': 7}, [510, 509, 508, 506, 505, 504, 502, 501, 499, 498, 497, 495, 494, 493, 491, 490, 489, 488, 485, 484, 483, 481, 480, 479, 477, 476, 475, 474, 473, 472, 471, 470, 469, 468, 467, 466, 465, 464, 462, 461, 460, 458, 457, 456, 454, 453, 452, 451, 450, 449, 448, 447, 446, 445, 444, 443, 442, 441, 440, 439, 436, 435, 434, 432, 431, 430, 428, 427, 426, 424, 423, 422, 420, 419, 418, 416, 415, 414, 413, 412, 411, 410, 409, 408, 407, 406, 405, 404, 403, 402, 401, 400, 399, 398, 397, 396, 395, 394, 393, 392, 391, 389, 388, 387, 385, 384, 383, 381, 380, 379, 378, 377, 376, 375, 374, 373, 372, 371, 370, 369, 368, 367, 366, 365, 364, 363, 362, 361, 360, 359, 358, 357, 356, 355, 354, 353, 352, 351, 350, 349, 348, 347, 346, 345, 344, 343, 342, 341, 340, 339, 338, 337, 336, 335, 334, 333, 332, 331, 330, 329, 328, 327, 326, 325, 324, 323, 322, 321, 320, 319, 318, 317, 316, 315, 314, 313, 312, 311, 310, 309, 308, 307, 306, 305, 304, 303, 302, 301, 300, 299, 298, 297, 296, 295, 294, 293, 292, 291, 290, 289, 288, 287, 286, 285, 284, 283, 282, 281, 280, 279, 278, 277, 276, 275, 274, 273, 272, 271, 270, 268, 267, 266, 265, 264, 263, 262, 261, 260, 259, 258, 257, 256, 255, 254, 253, 252, 250, 249, 248, 247, 246, 245, 244, 243, 242, 241, 240, 239, 238, 237, 236, 234, 233, 232, 231, 230, 229, 227, 226, 225, 223, 222, 221, 220, 218, 217, 216, 214, 213, 212, 211, 210, 209, 208, 207, 206, 205, 204, 203, 201, 200, 199, 197, 196, 195, 194, 193, 192, 191, 190, 189, 188, 187, 186, 185, 184, 183, 182, 181, 180, 179, 178, 177, 176, 175, 174, 173, 172, 171, 170, 168, 167, 166, 164, 163, 162, 161, 160, 159, 158, 157, 156, 155, 154, 153, 152, 151, 150, 149, 148, 147, 146, 145, 144, 143, 142, 141, 140, 139, 138, 137, 136, 135, 134, 133, 132, 131, 130, 129, 128, 127, 126, 125, 124, 123, 122, 121, 120, 119, 118, 117, 116, 115, 114, 113, 112, 111, 110, 109, 108, 107, 106, 105, 104, 103, 102, 101, 100, 99, 98, 97, 96, 95, 94, 93, 92, 91, 90, 89, 88, 87, 86, 85, 84, 83, 82, 81, 80, 79, 78, 77, 76, 75, 74, 73, 72, 71, 70, 69, 68, 67, 66, 65, 64, 62, 61, 60, 59, 58, 57, 55, 54, 53, 52, 50, 49, 48, 47, 46, 45, 44, 43, 41, 40, 39, 38, 37, 36, 35, 34, 33, 32, 31, 28, 27, 26, 25, 24, 23, 22, 21, 20, 19, 18, 17, 16, 14, 13, 12, 9, 8, 7, 5, 4, 3, 2, 1, 0])
SIMULATION = False
samples_num = 800000
result_df = 9515292
common_samples_df quantile = 0.8
common_samples_df = 1207007
stitch_shift_size = 1
window_size = 30
allowCycle = False

RESULT_NUMBER = 12
original key(len=512):
00000010001101000101011001111000100110101011110011011110111100011101110010111010100110000111011001010100001100100001000100010010001000110011010001000101010101100110011101111000100010011001101010101011101111001100110111011110111011110001111011101101110111001100101110111010101010011001100010000111011101100110010101010100010000110011001000100001000100000000000100010001001000100010001100110011010001000100010101010101011001100110011101110111100010001000100110011001101010101010101110111011110011001100110111011101
candidate_key(len=481):
0111011011011101011010001110111011101110110111011110110111011101101110111001011010100110000111011001010100001100100001000100010010001000110011010001000101010101100110011101110001000100110011010101010110111001100110110111011011100011101101101110111001100101110110101010100110011000100001110111011001100101010101000100001100110010001000010001000000000001000100010010001000100010010010100010001000101010101010100100100110110110001000100010010010010101010101010110110110010010010110110
key.find(candidate_key) = -1
levenshtein_edit_dist(key, candidate_key) = 
({'I': 5, 'DIST': 56, 'D': 36, 'F': 15}, [510, 509, 508, 506, 505, 504, 502, 501, 499, 498, 497, 495, 494, 493, 491, 490, 489, 488, 485, 484, 483, 481, 480, 479, 477, 476, 475, 474, 473, 472, 471, 470, 469, 468, 467, 466, 465, 464, 462, 461, 460, 458, 457, 456, 454, 453, 452, 451, 450, 449, 448, 447, 446, 445, 444, 443, 442, 441, 440, 439, 436, 435, 434, 432, 431, 430, 428, 427, 426, 424, 423, 422, 420, 419, 418, 416, 415, 414, 413, 412, 411, 410, 409, 408, 407, 406, 405, 404, 403, 402, 401, 400, 399, 398, 397, 396, 395, 394, 393, 392, 391, 389, 388, 387, 385, 384, 383, 381, 380, 379, 378, 377, 376, 375, 374, 373, 372, 371, 370, 369, 368, 367, 366, 365, 364, 363, 362, 361, 360, 359, 358, 357, 356, 355, 354, 353, 352, 351, 350, 349, 348, 347, 346, 345, 344, 343, 342, 341, 340, 339, 338, 337, 336, 335, 334, 333, 332, 331, 330, 329, 328, 327, 326, 325, 324, 323, 322, 321, 320, 319, 318, 317, 316, 315, 314, 313, 312, 311, 310, 309, 308, 307, 306, 305, 304, 303, 302, 301, 300, 299, 298, 297, 296, 295, 294, 293, 292, 291, 290, 289, 288, 287, 286, 285, 284, 283, 282, 281, 280, 279, 278, 277, 276, 275, 274, 273, 272, 271, 270, 269, 268, 267, 265, 264, 263, 262, 261, 260, 259, 258, 257, 256, 255, 254, 253, 252, 251, 250, 249, 248, 247, 246, 245, 244, 243, 242, 241, 239, 238, 237, 236, 234, 233, 232, 231, 230, 229, 227, 226, 225, 223, 222, 221, 220, 218, 217, 216, 214, 213, 212, 211, 210, 209, 208, 207, 206, 205, 204, 203, 201, 200, 199, 197, 196, 195, 194, 193, 192, 191, 190, 189, 188, 187, 186, 185, 184, 183, 182, 181, 180, 179, 178, 177, 176, 175, 174, 173, 172, 171, 170, 168, 167, 166, 165, 164, 163, 162, 161, 160, 159, 158, 157, 156, 155, 154, 153, 152, 151, 150, 149, 148, 147, 146, 145, 144, 143, 142, 141, 140, 139, 138, 137, 136, 135, 134, 133, 132, 131, 130, 129, 128, 127, 126, 125, 124, 123, 122, 121, 120, 119, 118, 117, 116, 115, 114, 113, 112, 111, 110, 109, 108, 107, 106, 105, 104, 103, 102, 101, 100, 99, 98, 97, 96, 95, 94, 93, 92, 91, 90, 89, 88, 87, 86, 85, 84, 83, 82, 81, 80, 79, 78, 77, 76, 75, 73, 72, 71, 70, 69, 68, 67, 66, 65, 64, 63, 62, 58, 57, 56, 55, 54, 53, 52, 50, 49, 48, 47, 45, 44, 43, 42, 41, 40, 38, 37, 36, 35, 34, 32, 30, 28, 27, 26, 25, 23, 22, 21, 20, 18, 17, 16, 14, 13, 12, 11, 10, 8, 6, 5, 2, 0])
SIMULATION = False
samples_num = 1000000
result_df = 11537514
common_samples_df quantile = 0.8
common_samples_df = 1597541
stitch_shift_size = 1
window_size = 30
allowCycle = False

RESULT_NUMBER = 13
original key(len=512):
00000010001101000101011001111000100110101011110011011110111100011101110010111010100110000111011001010100001100100001000100010010001000110011010001000101010101100110011101111000100010011001101010101011101111001100110111011110111011110001111011101101110111001100101110111010101010011001100010000111011101100110010101010100010000110011001000100001000100000000000100010001001000100010001100110011010001000100010101010101011001100110011101110111100010001000100110011001101010101010101110111011110011001100110111011101
candidate_key(len=491):
01010111100111011011110011110110111110110111001111011010101110111011101110011110111001011101010011000011101100101010000110010000100010001001000100011001101000100010101010110011001101110001000100110011010101010110111001100110110111011011100011101110110111011001100101110111101010100110011000100001110111011001100101010101000100001100110010001000010001000000000001000100010010001000100010010010100010001000101010101010100100100110110110001000100010010010010101010101010110110110010010010110110
key.find(candidate_key) = -1
levenshtein_edit_dist(key, candidate_key) = 
({'I': 15, 'DIST': 60, 'D': 36, 'F': 9}, [510, 509, 508, 506, 505, 504, 502, 501, 499, 498, 497, 495, 494, 493, 491, 490, 489, 488, 485, 484, 483, 481, 480, 479, 477, 476, 475, 474, 473, 472, 471, 470, 469, 468, 467, 466, 465, 464, 462, 461, 460, 458, 457, 456, 454, 453, 452, 451, 450, 449, 448, 447, 446, 445, 444, 443, 442, 441, 440, 439, 436, 435, 434, 432, 431, 430, 428, 427, 426, 424, 423, 422, 420, 419, 418, 416, 415, 414, 413, 412, 411, 410, 409, 408, 407, 406, 405, 404, 403, 402, 401, 400, 399, 398, 397, 396, 395, 394, 393, 392, 391, 389, 388, 387, 385, 384, 383, 381, 380, 379, 378, 377, 376, 375, 374, 373, 372, 371, 370, 369, 368, 367, 366, 365, 364, 363, 362, 361, 360, 359, 358, 357, 356, 355, 354, 353, 352, 351, 350, 349, 348, 347, 346, 345, 344, 343, 342, 341, 340, 339, 338, 337, 336, 335, 334, 333, 332, 331, 330, 329, 328, 327, 326, 325, 324, 323, 322, 321, 320, 319, 318, 317, 316, 315, 314, 313, 312, 311, 310, 309, 308, 307, 306, 305, 304, 303, 302, 301, 300, 299, 298, 297, 296, 295, 294, 293, 292, 291, 290, 289, 288, 287, 286, 285, 284, 283, 282, 281, 280, 279, 278, 277, 276, 275, 274, 273, 272, 271, 270, 268, 267, 266, 265, 264, 263, 262, 261, 260, 259, 258, 257, 256, 255, 254, 253, 252, 250, 249, 248, 247, 246, 245, 244, 243, 242, 241, 240, 239, 238, 237, 236, 234, 233, 232, 231, 230, 229, 227, 226, 225, 223, 222, 221, 220, 218, 217, 216, 214, 213, 212, 211, 210, 209, 208, 207, 206, 205, 204, 203, 201, 200, 199, 197, 196, 195, 194, 193, 192, 191, 190, 189, 188, 187, 186, 185, 184, 183, 182, 181, 180, 179, 178, 177, 176, 175, 174, 173, 172, 171, 170, 168, 167, 166, 164, 163, 162, 161, 160, 159, 158, 157, 156, 155, 154, 153, 152, 151, 150, 149, 148, 147, 146, 145, 144, 143, 142, 141, 140, 139, 138, 137, 136, 135, 134, 133, 132, 131, 130, 129, 128, 127, 126, 125, 124, 123, 122, 121, 120, 119, 118, 117, 116, 115, 114, 113, 112, 111, 110, 109, 108, 107, 106, 105, 104, 103, 102, 101, 100, 99, 98, 97, 96, 95, 94, 93, 92, 91, 90, 89, 88, 87, 86, 85, 84, 83, 82, 81, 80, 79, 78, 77, 76, 75, 74, 73, 72, 71, 70, 69, 68, 67, 66, 65, 64, 63, 61, 60, 59, 58, 57, 55, 54, 53, 52, 50, 49, 48, 46, 45, 44, 43, 42, 41, 40, 39, 38, 37, 36, 35, 34, 33, 32, 30, 29, 28, 27, 26, 25, 23, 22, 21, 20, 19, 17, 15, 14, 13, 11, 10, 9, 7, 6, 4, 3, 2, 1, 0])
SIMULATION = False
samples_num = 2000000
result_df = 12923233
common_samples_df quantile = 0.8
common_samples_df = 1936922
stitch_shift_size = 1
window_size = 30
allowCycle = False

RESULT_NUMBER = 14
original key(len=512):
00000010001101000101011001111000100110101011110011011110111100011101110010111010100110000111011001010100001100100001000100010010001000110011010001000101010101100110011101111000100010011001101010101011101111001100110111011110111011110001111011101101110111001100101110111010101010011001100010000111011101100110010101010100010000110011001000100001000100000000000100010001001000100010001100110011010001000100010101010101011001100110011101110111100010001000100110011001101010101010101110111011110011001100110111011101
candidate_key(len=491):
01010111100111011011110011110110111110110111001111011010101110111011101110011110111001011101010011000011101100101010000110010000100010001001000100011001101000100010101010110011001101110001000100110011010101010110111001100110110111011011100011101110110111011001100101110111101010100110011000100001110111011001100101010101000100001100110010001000010001000000000001000100010010001000100010010010100010001000101010101010100100100110110110001000100010010010010101010101010110110110010010010110110
key.find(candidate_key) = -1
levenshtein_edit_dist(key, candidate_key) = 
({'I': 15, 'DIST': 60, 'D': 36, 'F': 9}, [510, 509, 508, 506, 505, 504, 502, 501, 499, 498, 497, 495, 494, 493, 491, 490, 489, 488, 485, 484, 483, 481, 480, 479, 477, 476, 475, 474, 473, 472, 471, 470, 469, 468, 467, 466, 465, 464, 462, 461, 460, 458, 457, 456, 454, 453, 452, 451, 450, 449, 448, 447, 446, 445, 444, 443, 442, 441, 440, 439, 436, 435, 434, 432, 431, 430, 428, 427, 426, 424, 423, 422, 420, 419, 418, 416, 415, 414, 413, 412, 411, 410, 409, 408, 407, 406, 405, 404, 403, 402, 401, 400, 399, 398, 397, 396, 395, 394, 393, 392, 391, 389, 388, 387, 385, 384, 383, 381, 380, 379, 378, 377, 376, 375, 374, 373, 372, 371, 370, 369, 368, 367, 366, 365, 364, 363, 362, 361, 360, 359, 358, 357, 356, 355, 354, 353, 352, 351, 350, 349, 348, 347, 346, 345, 344, 343, 342, 341, 340, 339, 338, 337, 336, 335, 334, 333, 332, 331, 330, 329, 328, 327, 326, 325, 324, 323, 322, 321, 320, 319, 318, 317, 316, 315, 314, 313, 312, 311, 310, 309, 308, 307, 306, 305, 304, 303, 302, 301, 300, 299, 298, 297, 296, 295, 294, 293, 292, 291, 290, 289, 288, 287, 286, 285, 284, 283, 282, 281, 280, 279, 278, 277, 276, 275, 274, 273, 272, 271, 270, 268, 267, 266, 265, 264, 263, 262, 261, 260, 259, 258, 257, 256, 255, 254, 253, 252, 250, 249, 248, 247, 246, 245, 244, 243, 242, 241, 240, 239, 238, 237, 236, 234, 233, 232, 231, 230, 229, 227, 226, 225, 223, 222, 221, 220, 218, 217, 216, 214, 213, 212, 211, 210, 209, 208, 207, 206, 205, 204, 203, 201, 200, 199, 197, 196, 195, 194, 193, 192, 191, 190, 189, 188, 187, 186, 185, 184, 183, 182, 181, 180, 179, 178, 177, 176, 175, 174, 173, 172, 171, 170, 168, 167, 166, 164, 163, 162, 161, 160, 159, 158, 157, 156, 155, 154, 153, 152, 151, 150, 149, 148, 147, 146, 145, 144, 143, 142, 141, 140, 139, 138, 137, 136, 135, 134, 133, 132, 131, 130, 129, 128, 127, 126, 125, 124, 123, 122, 121, 120, 119, 118, 117, 116, 115, 114, 113, 112, 111, 110, 109, 108, 107, 106, 105, 104, 103, 102, 101, 100, 99, 98, 97, 96, 95, 94, 93, 92, 91, 90, 89, 88, 87, 86, 85, 84, 83, 82, 81, 80, 79, 78, 77, 76, 75, 74, 73, 72, 71, 70, 69, 68, 67, 66, 65, 64, 63, 61, 60, 59, 58, 57, 55, 54, 53, 52, 50, 49, 48, 46, 45, 44, 43, 42, 41, 40, 39, 38, 37, 36, 35, 34, 33, 32, 30, 29, 28, 27, 26, 25, 23, 22, 21, 20, 19, 17, 15, 14, 13, 11, 10, 9, 7, 6, 4, 3, 2, 1, 0])
SIMULATION = False
samples_num = 3000000
result_df = 12923233
common_samples_df quantile = 0.8
common_samples_df = 1936922
stitch_shift_size = 1
window_size = 30
allowCycle = False

RESULT_NUMBER = 15
original key(len=512):
00000010001101000101011001111000100110101011110011011110111100011101110010111010100110000111011001010100001100100001000100010010001000110011010001000101010101100110011101111000100010011001101010101011101111001100110111011110111011110001111011101101110111001100101110111010101010011001100010000111011101100110010101010100010000110011001000100001000100000000000100010001001000100010001100110011010001000100010101010101011001100110011101110111100010001000100110011001101010101010101110111011110011001100110111011101
candidate_key(len=446):
00100110101011100110111011100101101100101111010011000011011001010100001100100001000100010010001000110011010001000101010101100110011011100010001001100110101010101110111001100110111011101110111000111011101101110111001100101110111010101010011001100010000110111011001100101010101000100001100110010001000010001000000000001000100010010001000100010010010100010001000101010101010100100100110110110001000100010010010010101010101010110110110010010010110110
key.find(candidate_key) = -1
levenshtein_edit_dist(key, candidate_key) = 
({'I': 0, 'DIST': 66, 'D': 66, 'F': 0}, [510, 509, 508, 506, 505, 504, 502, 501, 499, 498, 497, 495, 494, 493, 491, 490, 489, 488, 485, 484, 483, 481, 480, 479, 477, 476, 475, 474, 473, 472, 471, 470, 469, 468, 467, 466, 465, 464, 462, 461, 460, 458, 457, 456, 454, 453, 452, 451, 450, 449, 448, 447, 446, 445, 444, 443, 442, 441, 440, 439, 436, 435, 434, 432, 431, 430, 428, 427, 426, 424, 423, 422, 420, 419, 418, 416, 415, 414, 413, 412, 411, 410, 409, 408, 407, 406, 405, 404, 403, 402, 401, 400, 399, 398, 397, 396, 395, 394, 393, 392, 391, 389, 388, 387, 385, 384, 383, 381, 380, 379, 378, 377, 376, 375, 374, 373, 372, 371, 370, 369, 368, 367, 366, 365, 364, 363, 362, 361, 360, 359, 358, 357, 356, 355, 354, 353, 352, 351, 350, 349, 348, 347, 346, 345, 344, 343, 342, 341, 340, 339, 338, 337, 336, 335, 334, 333, 332, 331, 330, 329, 328, 327, 326, 325, 324, 323, 322, 321, 320, 319, 318, 317, 316, 315, 314, 313, 312, 311, 310, 309, 308, 307, 306, 305, 304, 303, 302, 301, 300, 299, 298, 297, 296, 295, 294, 292, 291, 290, 289, 288, 287, 286, 285, 284, 283, 282, 281, 280, 279, 278, 277, 276, 275, 274, 273, 272, 271, 270, 269, 268, 267, 266, 265, 264, 263, 262, 261, 260, 259, 258, 257, 256, 255, 254, 253, 252, 251, 250, 249, 248, 247, 246, 245, 244, 243, 242, 241, 240, 239, 238, 237, 236, 234, 233, 232, 231, 230, 229, 227, 226, 225, 224, 223, 222, 221, 220, 218, 217, 216, 215, 214, 213, 212, 211, 210, 209, 208, 207, 206, 205, 204, 203, 201, 200, 199, 198, 197, 196, 195, 194, 193, 192, 191, 190, 189, 188, 187, 186, 185, 184, 183, 182, 181, 180, 179, 178, 177, 176, 175, 174, 173, 172, 171, 170, 168, 167, 166, 164, 163, 162, 161, 160, 159, 158, 157, 156, 155, 154, 153, 152, 151, 150, 149, 148, 147, 146, 145, 144, 143, 142, 141, 140, 139, 138, 137, 136, 135, 134, 133, 132, 131, 130, 129, 128, 127, 126, 125, 124, 123, 122, 121, 120, 119, 118, 117, 116, 115, 114, 113, 112, 111, 110, 109, 108, 107, 106, 105, 104, 103, 102, 101, 100, 99, 98, 97, 96, 95, 94, 93, 92, 91, 90, 88, 87, 86, 85, 84, 83, 82, 81, 80, 79, 78, 76, 75, 74, 73, 72, 71, 70, 69, 68, 66, 65, 64, 62, 59, 55, 50, 49, 48, 45, 41, 40, 38, 36, 34, 32, 28, 24, 23, 22, 21, 19, 18, 17, 16, 13, 12, 11, 10, 9, 8, 6, 5, 4])
SIMULATION = False
samples_num = 100000
result_df = 1473984
common_samples_df quantile = 0.9
common_samples_df = 79367
stitch_shift_size = 1
window_size = 30
allowCycle = False

RESULT_NUMBER = 16
original key(len=512):
00000010001101000101011001111000100110101011110011011110111100011101110010111010100110000111011001010100001100100001000100010010001000110011010001000101010101100110011101111000100010011001101010101011101111001100110111011110111011110001111011101101110111001100101110111010101010011001100010000111011101100110010101010100010000110011001000100001000100000000000100010001001000100010001100110011010001000100010101010101011001100110011101110111100010001000100110011001101010101010101110111011110011001100110111011101
candidate_key(len=474):
000000000000001000101011001110001001101010111001101110111000110111001011101010011000011101100101010000110010000100010001001000100011001101000100010101010110011001101110001000100110011010101010111011100110011011101110110111000111011011011011100110010111011010101010011001100010000110111011001100101010101000100001100110010001000010001000000000001000100010010001000100010010010100010001000101010101010100100100110110110001000100010010010010101010101010110110110010010010110110
key.find(candidate_key) = -1
levenshtein_edit_dist(key, candidate_key) = 
({'I': 1, 'DIST': 43, 'D': 39, 'F': 3}, [510, 509, 508, 506, 505, 504, 502, 501, 499, 498, 497, 495, 494, 493, 491, 490, 489, 488, 485, 484, 483, 481, 480, 479, 477, 476, 475, 474, 473, 472, 471, 470, 469, 468, 467, 466, 465, 464, 462, 461, 460, 458, 457, 456, 454, 453, 452, 451, 450, 449, 448, 447, 446, 445, 444, 443, 442, 441, 440, 439, 436, 435, 434, 432, 431, 430, 428, 427, 426, 424, 423, 422, 420, 419, 418, 416, 415, 414, 413, 412, 411, 410, 409, 408, 407, 406, 405, 404, 403, 402, 401, 400, 399, 398, 397, 396, 395, 394, 393, 392, 391, 389, 388, 387, 385, 384, 383, 381, 380, 379, 378, 377, 376, 375, 374, 373, 372, 371, 370, 369, 368, 367, 366, 365, 364, 363, 362, 361, 360, 359, 358, 357, 356, 355, 354, 353, 352, 351, 350, 349, 348, 347, 346, 345, 344, 343, 342, 341, 340, 339, 338, 337, 336, 335, 334, 333, 332, 331, 330, 329, 328, 327, 326, 325, 324, 323, 322, 321, 320, 319, 318, 317, 316, 315, 314, 313, 312, 311, 310, 309, 308, 307, 306, 305, 304, 303, 302, 301, 300, 299, 298, 297, 296, 295, 294, 292, 291, 290, 289, 288, 287, 286, 285, 284, 283, 282, 281, 280, 279, 278, 277, 276, 275, 274, 273, 272, 271, 270, 269, 268, 267, 265, 264, 263, 262, 261, 260, 259, 258, 257, 256, 255, 254, 253, 252, 251, 250, 249, 248, 246, 245, 244, 243, 242, 241, 239, 238, 237, 236, 234, 233, 232, 231, 230, 229, 227, 226, 225, 223, 222, 221, 220, 218, 217, 216, 215, 214, 213, 212, 211, 210, 209, 208, 207, 206, 205, 204, 203, 201, 200, 199, 198, 197, 196, 195, 194, 193, 192, 191, 190, 189, 188, 187, 186, 185, 184, 183, 182, 181, 180, 179, 178, 177, 176, 175, 174, 173, 172, 171, 170, 168, 167, 166, 164, 163, 162, 161, 160, 159, 158, 157, 156, 155, 154, 153, 152, 151, 150, 149, 148, 147, 146, 145, 144, 143, 142, 141, 140, 139, 138, 137, 136, 135, 134, 133, 132, 131, 130, 129, 128, 127, 126, 125, 124, 123, 122, 121, 120, 119, 118, 117, 116, 115, 114, 113, 112, 111, 110, 109, 108, 107, 106, 105, 104, 103, 102, 101, 100, 99, 98, 97, 96, 95, 94, 93, 92, 91, 90, 89, 88, 87, 86, 85, 84, 83, 82, 81, 80, 79, 78, 77, 76, 75, 74, 73, 72, 71, 70, 69, 68, 67, 66, 65, 64, 62, 61, 60, 59, 58, 57, 55, 54, 53, 52, 50, 49, 48, 47, 46, 45, 44, 43, 41, 40, 39, 38, 37, 36, 35, 34, 33, 32, 31, 30, 29, 28, 27, 26, 24, 23, 22, 21, 20, 19, 18, 17, 16, 15, 14, 13, 12, 9, 8, 7, 5, 4, 3, 2, 1, 0])
SIMULATION = False
samples_num = 300000
result_df = 4049959
common_samples_df quantile = 0.9
common_samples_df = 332884
stitch_shift_size = 1
window_size = 30
allowCycle = False

RESULT_NUMBER = 17
original key(len=512):
00000010001101000101011001111000100110101011110011011110111100011101110010111010100110000111011001010100001100100001000100010010001000110011010001000101010101100110011101111000100010011001101010101011101111001100110111011110111011110001111011101101110111001100101110111010101010011001100010000111011101100110010101010100010000110011001000100001000100000000000100010001001000100010001100110011010001000100010101010101011001100110011101110111100010001000100110011001101010101010101110111011110011001100110111011101
candidate_key(len=474):
000000000000001000101011101110001001111010111001101110111000111011100101110101001100001110110010101000011001000010001000100100010001100110100010001010101011001100110111000100010011001101010101011011100110011011011101101110001110110110111011100110010111011010101010011001100010000110111011001100101010101000100001100110010001000010001000000000001000100010010001000100010010010100010001000101010101010100100100110110110001000100010010010010101010101010110110110010010010110110
key.find(candidate_key) = -1
levenshtein_edit_dist(key, candidate_key) = 
({'I': 1, 'DIST': 45, 'D': 39, 'F': 5}, [510, 509, 508, 506, 505, 504, 502, 501, 499, 498, 497, 495, 494, 493, 491, 490, 489, 488, 485, 484, 483, 481, 480, 479, 477, 476, 475, 474, 473, 472, 471, 470, 469, 468, 467, 466, 465, 464, 462, 461, 460, 458, 457, 456, 454, 453, 452, 451, 450, 449, 448, 447, 446, 445, 444, 443, 442, 441, 440, 439, 436, 435, 434, 432, 431, 430, 428, 427, 426, 424, 423, 422, 420, 419, 418, 416, 415, 414, 413, 412, 411, 410, 409, 408, 407, 406, 405, 404, 403, 402, 401, 400, 399, 398, 397, 396, 395, 394, 393, 392, 391, 389, 388, 387, 385, 384, 383, 381, 380, 379, 378, 377, 376, 375, 374, 373, 372, 371, 370, 369, 368, 367, 366, 365, 364, 363, 362, 361, 360, 359, 358, 357, 356, 355, 354, 353, 352, 351, 350, 349, 348, 347, 346, 345, 344, 343, 342, 341, 340, 339, 338, 337, 336, 335, 334, 333, 332, 331, 330, 329, 328, 327, 326, 325, 324, 323, 322, 321, 320, 319, 318, 317, 316, 315, 314, 313, 312, 311, 310, 309, 308, 307, 306, 305, 304, 303, 302, 301, 300, 299, 298, 297, 296, 295, 294, 292, 291, 290, 289, 288, 287, 286, 285, 284, 283, 282, 281, 280, 279, 278, 277, 276, 275, 274, 273, 272, 271, 270, 269, 268, 267, 265, 264, 263, 262, 261, 260, 259, 258, 257, 256, 255, 254, 253, 252, 251, 250, 249, 248, 247, 246, 245, 244, 243, 242, 241, 239, 238, 237, 236, 234, 233, 232, 231, 230, 229, 227, 226, 225, 223, 222, 221, 220, 218, 217, 216, 214, 213, 212, 211, 210, 209, 208, 207, 206, 205, 204, 203, 201, 200, 199, 197, 196, 195, 194, 193, 192, 191, 190, 189, 188, 187, 186, 185, 184, 183, 182, 181, 180, 179, 178, 177, 176, 175, 174, 173, 172, 171, 170, 168, 167, 166, 164, 163, 162, 161, 160, 159, 158, 157, 156, 155, 154, 153, 152, 151, 150, 149, 148, 147, 146, 145, 144, 143, 142, 141, 140, 139, 138, 137, 136, 135, 134, 133, 132, 131, 130, 129, 128, 127, 126, 125, 124, 123, 122, 121, 120, 119, 118, 117, 116, 115, 114, 113, 112, 111, 110, 109, 108, 107, 106, 105, 104, 103, 102, 101, 100, 99, 98, 97, 96, 95, 94, 93, 92, 91, 90, 89, 88, 87, 86, 85, 84, 83, 82, 81, 80, 79, 78, 77, 76, 75, 74, 73, 72, 71, 70, 69, 68, 67, 66, 65, 64, 63, 62, 61, 60, 59, 58, 57, 55, 54, 53, 52, 50, 49, 48, 47, 46, 45, 44, 43, 41, 40, 39, 38, 36, 35, 34, 33, 32, 31, 30, 29, 28, 27, 26, 24, 22, 21, 20, 19, 18, 17, 16, 15, 14, 13, 12, 9, 8, 7, 5, 4, 3, 2, 1, 0])
SIMULATION = False
samples_num = 600000
result_df = 7288217
common_samples_df quantile = 0.9
common_samples_df = 284668
stitch_shift_size = 1
window_size = 30
allowCycle = False

RESULT_NUMBER = 18
original key(len=512):
00000010001101000101011001111000100110101011110011011110111100011101110010111010100110000111011001010100001100100001000100010010001000110011010001000101010101100110011101111000100010011001101010101011101111001100110111011110111011110001111011101101110111001100101110111010101010011001100010000111011101100110010101010100010000110011001000100001000100000000000100010001001000100010001100110011010001000100010101010101011001100110011101110111100010001000100110011001101010101010101110111011110011001100110111011101
candidate_key(len=475):
0000000000000010001010110011100010011010101110011011101110001101110010111010100110000111011001010100001100100001000100010010001000110011010001000101010101100110011011100010001001100110101010101101110011001101101110110111000111011101101110110011001011101111101010100110011000100001110111011001100101010101000100001100110010001000010001000000000001000100010010001000100010010010100010001000101010101010100100100110110110001000100010010010010101010101010110110110010010010110110
key.find(candidate_key) = -1
levenshtein_edit_dist(key, candidate_key) = 
({'I': 1, 'DIST': 43, 'D': 38, 'F': 4}, [510, 509, 508, 506, 505, 504, 502, 501, 499, 498, 497, 495, 494, 493, 491, 490, 489, 488, 485, 484, 483, 481, 480, 479, 477, 476, 475, 474, 473, 472, 471, 470, 469, 468, 467, 466, 465, 464, 462, 461, 460, 458, 457, 456, 454, 453, 452, 451, 450, 449, 448, 447, 446, 445, 444, 443, 442, 441, 440, 439, 436, 435, 434, 432, 431, 430, 428, 427, 426, 424, 423, 422, 420, 419, 418, 416, 415, 414, 413, 412, 411, 410, 409, 408, 407, 406, 405, 404, 403, 402, 401, 400, 399, 398, 397, 396, 395, 394, 393, 392, 391, 389, 388, 387, 385, 384, 383, 381, 380, 379, 378, 377, 376, 375, 374, 373, 372, 371, 370, 369, 368, 367, 366, 365, 364, 363, 362, 361, 360, 359, 358, 357, 356, 355, 354, 353, 352, 351, 350, 349, 348, 347, 346, 345, 344, 343, 342, 341, 340, 339, 338, 337, 336, 335, 334, 333, 332, 331, 330, 329, 328, 327, 326, 325, 324, 323, 322, 321, 320, 319, 318, 317, 316, 315, 314, 313, 312, 311, 310, 309, 308, 307, 306, 305, 304, 303, 302, 301, 300, 299, 298, 297, 296, 295, 294, 293, 292, 291, 290, 289, 288, 287, 286, 285, 284, 283, 282, 281, 280, 279, 278, 277, 276, 275, 274, 273, 272, 271, 270, 268, 267, 266, 265, 264, 263, 262, 261, 260, 259, 258, 257, 256, 255, 254, 253, 252, 250, 249, 248, 247, 246, 245, 244, 243, 242, 241, 240, 239, 238, 237, 236, 234, 233, 232, 231, 230, 229, 227, 226, 225, 223, 222, 221, 220, 218, 217, 216, 214, 213, 212, 211, 210, 209, 208, 207, 206, 205, 204, 203, 201, 200, 199, 197, 196, 195, 194, 193, 192, 191, 190, 189, 188, 187, 186, 185, 184, 183, 182, 181, 180, 179, 178, 177, 176, 175, 174, 173, 172, 171, 170, 168, 167, 166, 164, 163, 162, 161, 160, 159, 158, 157, 156, 155, 154, 153, 152, 151, 150, 149, 148, 147, 146, 145, 144, 143, 142, 141, 140, 139, 138, 137, 136, 135, 134, 133, 132, 131, 130, 129, 128, 127, 126, 125, 124, 123, 122, 121, 120, 119, 118, 117, 116, 115, 114, 113, 112, 111, 110, 109, 108, 107, 106, 105, 104, 103, 102, 101, 100, 99, 98, 97, 96, 95, 94, 93, 92, 91, 90, 89, 88, 87, 86, 85, 84, 83, 82, 81, 80, 79, 78, 77, 76, 75, 74, 73, 72, 71, 70, 69, 68, 67, 66, 65, 64, 62, 61, 60, 59, 58, 57, 55, 54, 53, 52, 50, 49, 48, 47, 46, 45, 44, 43, 41, 40, 39, 38, 37, 36, 35, 34, 33, 32, 31, 30, 29, 28, 27, 26, 24, 23, 22, 21, 20, 19, 18, 17, 16, 15, 14, 13, 12, 9, 8, 7, 5, 4, 3, 2, 1, 0])
SIMULATION = False
samples_num = 800000
result_df = 9515292
common_samples_df quantile = 0.9
common_samples_df = 422436
stitch_shift_size = 1
window_size = 30
allowCycle = False

RESULT_NUMBER = 19
original key(len=512):
00000010001101000101011001111000100110101011110011011110111100011101110010111010100110000111011001010100001100100001000100010010001000110011010001000101010101100110011101111000100010011001101010101011101111001100110111011110111011110001111011101101110111001100101110111010101010011001100010000111011101100110010101010100010000110011001000100001000100000000000100010001001000100010001100110011010001000100010101010101011001100110011101110111100010001000100110011001101010101010101110111011110011001100110111011101
candidate_key(len=477):
010101010101100100101011010111000110110101011100110111011100011101110010111010100110000111011001010100001100100001000100010010001000110011010001000101010101100110011101110001000100110011010101010110111001100110110111011011100011101101101110111001100101110110101010100110011000100001110111011001100101010101000100001100110010001000010001000000000001000100010010001000100010010010100010001000101010101010100100100110110110001000100010010010010101010101010110110110010010010110110
key.find(candidate_key) = -1
levenshtein_edit_dist(key, candidate_key) = 
({'I': 1, 'DIST': 45, 'D': 36, 'F': 8}, [510, 509, 508, 506, 505, 504, 502, 501, 499, 498, 497, 495, 494, 493, 491, 490, 489, 488, 485, 484, 483, 481, 480, 479, 477, 476, 475, 474, 473, 472, 471, 470, 469, 468, 467, 466, 465, 464, 462, 461, 460, 458, 457, 456, 454, 453, 452, 451, 450, 449, 448, 447, 446, 445, 444, 443, 442, 441, 440, 439, 436, 435, 434, 432, 431, 430, 428, 427, 426, 424, 423, 422, 420, 419, 418, 416, 415, 414, 413, 412, 411, 410, 409, 408, 407, 406, 405, 404, 403, 402, 401, 400, 399, 398, 397, 396, 395, 394, 393, 392, 391, 389, 388, 387, 385, 384, 383, 381, 380, 379, 378, 377, 376, 375, 374, 373, 372, 371, 370, 369, 368, 367, 366, 365, 364, 363, 362, 361, 360, 359, 358, 357, 356, 355, 354, 353, 352, 351, 350, 349, 348, 347, 346, 345, 344, 343, 342, 341, 340, 339, 338, 337, 336, 335, 334, 333, 332, 331, 330, 329, 328, 327, 326, 325, 324, 323, 322, 321, 320, 319, 318, 317, 316, 315, 314, 313, 312, 311, 310, 309, 308, 307, 306, 305, 304, 303, 302, 301, 300, 299, 298, 297, 296, 295, 294, 293, 292, 291, 290, 289, 288, 287, 286, 285, 284, 283, 282, 281, 280, 279, 278, 277, 276, 275, 274, 273, 272, 271, 270, 269, 268, 267, 265, 264, 263, 262, 261, 260, 259, 258, 257, 256, 255, 254, 253, 252, 251, 250, 249, 248, 247, 246, 245, 244, 243, 242, 241, 239, 238, 237, 236, 234, 233, 232, 231, 230, 229, 227, 226, 225, 223, 222, 221, 220, 218, 217, 216, 214, 213, 212, 211, 210, 209, 208, 207, 206, 205, 204, 203, 201, 200, 199, 197, 196, 195, 194, 193, 192, 191, 190, 189, 188, 187, 186, 185, 184, 183, 182, 181, 180, 179, 178, 177, 176, 175, 174, 173, 172, 171, 170, 168, 167, 166, 165, 164, 163, 162, 161, 160, 159, 158, 157, 156, 155, 154, 153, 152, 151, 150, 149, 148, 147, 146, 145, 144, 143, 142, 141, 140, 139, 138, 137, 136, 135, 134, 133, 132, 131, 130, 129, 128, 127, 126, 125, 124, 123, 122, 121, 120, 119, 118, 117, 116, 115, 114, 113, 112, 111, 110, 109, 108, 107, 106, 105, 104, 103, 102, 101, 100, 99, 98, 97, 96, 95, 94, 93, 92, 91, 90, 89, 88, 87, 86, 85, 84, 83, 82, 81, 80, 79, 78, 77, 76, 75, 74, 73, 72, 71, 70, 69, 68, 67, 66, 65, 64, 63, 62, 61, 60, 59, 58, 57, 55, 54, 53, 52, 50, 49, 48, 47, 46, 45, 44, 43, 41, 40, 39, 38, 37, 36, 35, 34, 32, 31, 30, 29, 28, 27, 26, 23, 22, 21, 20, 19, 18, 17, 16, 15, 12, 11, 10, 9, 7, 6, 5, 3, 1, 0])
SIMULATION = False
samples_num = 1000000
result_df = 11537514
common_samples_df quantile = 0.9
common_samples_df = 566783
stitch_shift_size = 1
window_size = 30
allowCycle = False

RESULT_NUMBER = 20
original key(len=512):
00000010001101000101011001111000100110101011110011011110111100011101110010111010100110000111011001010100001100100001000100010010001000110011010001000101010101100110011101111000100010011001101010101011101111001100110111011110111011110001111011101101110111001100101110111010101010011001100010000111011101100110010101010100010000110011001000100001000100000000000100010001001000100010001100110011010001000100010101010101011001100110011101110111100010001000100110011001101010101010101110111011110011001100110111011101
candidate_key(len=479):
00000000000000000001100101011001110001001101010111001101110111000110111001011101010011000011101100101010000110010000100010001001000100011001101000100010101010110011001101110001000100110011010101010110111001100110110111011011100011101110110111011001100101110111101010100110011000100001110111011001100101010101000100001100110010001000010001000000000001000100010010001000100010010010100010001000101010101010100100100110110110001000100010010010010101010101010110110110010010010110110
key.find(candidate_key) = -1
levenshtein_edit_dist(key, candidate_key) = 
({'I': 5, 'DIST': 49, 'D': 38, 'F': 6}, [510, 509, 508, 506, 505, 504, 502, 501, 499, 498, 497, 495, 494, 493, 491, 490, 489, 488, 485, 484, 483, 481, 480, 479, 477, 476, 475, 474, 473, 472, 471, 470, 469, 468, 467, 466, 465, 464, 462, 461, 460, 458, 457, 456, 454, 453, 452, 451, 450, 449, 448, 447, 446, 445, 444, 443, 442, 441, 440, 439, 436, 435, 434, 432, 431, 430, 428, 427, 426, 424, 423, 422, 420, 419, 418, 416, 415, 414, 413, 412, 411, 410, 409, 408, 407, 406, 405, 404, 403, 402, 401, 400, 399, 398, 397, 396, 395, 394, 393, 392, 391, 389, 388, 387, 385, 384, 383, 381, 380, 379, 378, 377, 376, 375, 374, 373, 372, 371, 370, 369, 368, 367, 366, 365, 364, 363, 362, 361, 360, 359, 358, 357, 356, 355, 354, 353, 352, 351, 350, 349, 348, 347, 346, 345, 344, 343, 342, 341, 340, 339, 338, 337, 336, 335, 334, 333, 332, 331, 330, 329, 328, 327, 326, 325, 324, 323, 322, 321, 320, 319, 318, 317, 316, 315, 314, 313, 312, 311, 310, 309, 308, 307, 306, 305, 304, 303, 302, 301, 300, 299, 298, 297, 296, 295, 294, 293, 292, 291, 290, 289, 288, 287, 286, 285, 284, 283, 282, 281, 280, 279, 278, 277, 276, 275, 274, 273, 272, 271, 270, 268, 267, 266, 265, 264, 263, 262, 261, 260, 259, 258, 257, 256, 255, 254, 253, 252, 250, 249, 248, 247, 246, 245, 244, 243, 242, 241, 240, 239, 238, 237, 236, 234, 233, 232, 231, 230, 229, 227, 226, 225, 223, 222, 221, 220, 218, 217, 216, 214, 213, 212, 211, 210, 209, 208, 207, 206, 205, 204, 203, 201, 200, 199, 197, 196, 195, 194, 193, 192, 191, 190, 189, 188, 187, 186, 185, 184, 183, 182, 181, 180, 179, 178, 177, 176, 175, 174, 173, 172, 171, 170, 168, 167, 166, 164, 163, 162, 161, 160, 159, 158, 157, 156, 155, 154, 153, 152, 151, 150, 149, 148, 147, 146, 145, 144, 143, 142, 141, 140, 139, 138, 137, 136, 135, 134, 133, 132, 131, 130, 129, 128, 127, 126, 125, 124, 123, 122, 121, 120, 119, 118, 117, 116, 115, 114, 113, 112, 111, 110, 109, 108, 107, 106, 105, 104, 103, 102, 101, 100, 99, 98, 97, 96, 95, 94, 93, 92, 91, 90, 89, 88, 87, 86, 85, 84, 83, 82, 81, 80, 79, 78, 77, 76, 75, 74, 73, 72, 71, 70, 69, 68, 67, 66, 65, 64, 62, 61, 60, 59, 58, 57, 55, 54, 53, 52, 50, 49, 48, 47, 46, 45, 44, 43, 41, 40, 39, 38, 37, 36, 35, 34, 33, 32, 31, 30, 29, 28, 27, 26, 24, 22, 21, 20, 19, 18, 17, 16, 15, 14, 12, 9, 8, 7, 5, 4, 3, 2, 1, 0])
SIMULATION = False
samples_num = 2000000
result_df = 12923233
common_samples_df quantile = 0.9
common_samples_df = 727459
stitch_shift_size = 1
window_size = 30
allowCycle = False

RESULT_NUMBER = 21
original key(len=512):
00000010001101000101011001111000100110101011110011011110111100011101110010111010100110000111011001010100001100100001000100010010001000110011010001000101010101100110011101111000100010011001101010101011101111001100110111011110111011110001111011101101110111001100101110111010101010011001100010000111011101100110010101010100010000110011001000100001000100000000000100010001001000100010001100110011010001000100010101010101011001100110011101110111100010001000100110011001101010101010101110111011110011001100110111011101
candidate_key(len=479):
00000000000000000001100101011001110001001101010111001101110111000110111001011101010011000011101100101010000110010000100010001001000100011001101000100010101010110011001101110001000100110011010101010110111001100110110111011011100011101110110111011001100101110111101010100110011000100001110111011001100101010101000100001100110010001000010001000000000001000100010010001000100010010010100010001000101010101010100100100110110110001000100010010010010101010101010110110110010010010110110
key.find(candidate_key) = -1
levenshtein_edit_dist(key, candidate_key) = 
({'I': 5, 'DIST': 49, 'D': 38, 'F': 6}, [510, 509, 508, 506, 505, 504, 502, 501, 499, 498, 497, 495, 494, 493, 491, 490, 489, 488, 485, 484, 483, 481, 480, 479, 477, 476, 475, 474, 473, 472, 471, 470, 469, 468, 467, 466, 465, 464, 462, 461, 460, 458, 457, 456, 454, 453, 452, 451, 450, 449, 448, 447, 446, 445, 444, 443, 442, 441, 440, 439, 436, 435, 434, 432, 431, 430, 428, 427, 426, 424, 423, 422, 420, 419, 418, 416, 415, 414, 413, 412, 411, 410, 409, 408, 407, 406, 405, 404, 403, 402, 401, 400, 399, 398, 397, 396, 395, 394, 393, 392, 391, 389, 388, 387, 385, 384, 383, 381, 380, 379, 378, 377, 376, 375, 374, 373, 372, 371, 370, 369, 368, 367, 366, 365, 364, 363, 362, 361, 360, 359, 358, 357, 356, 355, 354, 353, 352, 351, 350, 349, 348, 347, 346, 345, 344, 343, 342, 341, 340, 339, 338, 337, 336, 335, 334, 333, 332, 331, 330, 329, 328, 327, 326, 325, 324, 323, 322, 321, 320, 319, 318, 317, 316, 315, 314, 313, 312, 311, 310, 309, 308, 307, 306, 305, 304, 303, 302, 301, 300, 299, 298, 297, 296, 295, 294, 293, 292, 291, 290, 289, 288, 287, 286, 285, 284, 283, 282, 281, 280, 279, 278, 277, 276, 275, 274, 273, 272, 271, 270, 268, 267, 266, 265, 264, 263, 262, 261, 260, 259, 258, 257, 256, 255, 254, 253, 252, 250, 249, 248, 247, 246, 245, 244, 243, 242, 241, 240, 239, 238, 237, 236, 234, 233, 232, 231, 230, 229, 227, 226, 225, 223, 222, 221, 220, 218, 217, 216, 214, 213, 212, 211, 210, 209, 208, 207, 206, 205, 204, 203, 201, 200, 199, 197, 196, 195, 194, 193, 192, 191, 190, 189, 188, 187, 186, 185, 184, 183, 182, 181, 180, 179, 178, 177, 176, 175, 174, 173, 172, 171, 170, 168, 167, 166, 164, 163, 162, 161, 160, 159, 158, 157, 156, 155, 154, 153, 152, 151, 150, 149, 148, 147, 146, 145, 144, 143, 142, 141, 140, 139, 138, 137, 136, 135, 134, 133, 132, 131, 130, 129, 128, 127, 126, 125, 124, 123, 122, 121, 120, 119, 118, 117, 116, 115, 114, 113, 112, 111, 110, 109, 108, 107, 106, 105, 104, 103, 102, 101, 100, 99, 98, 97, 96, 95, 94, 93, 92, 91, 90, 89, 88, 87, 86, 85, 84, 83, 82, 81, 80, 79, 78, 77, 76, 75, 74, 73, 72, 71, 70, 69, 68, 67, 66, 65, 64, 62, 61, 60, 59, 58, 57, 55, 54, 53, 52, 50, 49, 48, 47, 46, 45, 44, 43, 41, 40, 39, 38, 37, 36, 35, 34, 33, 32, 31, 30, 29, 28, 27, 26, 24, 22, 21, 20, 19, 18, 17, 16, 15, 14, 12, 9, 8, 7, 5, 4, 3, 2, 1, 0])
SIMULATION = False
samples_num = 3000000
result_df = 12923233
common_samples_df quantile = 0.9
common_samples_df = 727459
stitch_shift_size = 1
window_size = 30
allowCycle = False
