
RESULT_NUMBER = 0
original key(len=512):
00100101100000001010110000010100011011100100001100111100011111110000000101000111001100111100001110001000001110100100100010000111110110010100000001100011011001111110100111001101011111000101010110010011000110011111101011111001100101011101100000110111100001101101000100100001111101111010010001101110111010001100101010100000001011011000001000101001000100010111000101101100111001010101011100110011100001110010001000100111011111001111110101011011101010110000100000111001101110111101111100111101000010000011011101001001
candidate_key(len=170):
11000110111011101101100100111101110100010101101110111001110111110011111110100001000101010100001001001010100011100110011010001111100010000100011111000111101001000010100101
key.find(candidate_key) = -1
levenshtein_edit_dist(key, candidate_key) = 
({'I': 0, 'DIST': 342, 'D': 342, 'F': 0}, [511, 510, 508, 507, 506, 505, 504, 503, 500, 497, 496, 495, 492, 491, 490, 487, 486, 485, 484, 483, 482, 481, 480, 474, 473, 472, 471, 470, 468, 465, 462, 461, 460, 457, 456, 455, 454, 452, 451, 450, 449, 447, 446, 444, 442, 440, 437, 434, 432, 431, 430, 429, 428, 423, 422, 421, 420, 416, 412, 410, 406, 402, 401, 400, 396, 392, 389, 387, 385, 383, 380, 378, 377, 376, 374, 373, 372, 371, 367, 366, 365, 363, 362, 360, 359, 358, 355, 352, 350, 349, 347, 346, 345, 344, 342, 340, 339, 338, 334, 328, 327, 325, 324, 322, 321, 320, 314, 312, 310, 308, 305, 303, 300, 298, 297, 295, 291, 290, 289, 285, 284, 282, 280, 279, 276, 275, 274, 270, 266, 265, 263, 262, 261, 260, 259, 258, 257, 256, 254, 252, 248, 247, 246, 245, 244, 241, 236, 234, 230, 229, 227, 226, 224, 223, 222, 220, 219, 218, 215, 214, 212, 211, 206, 204, 203, 202, 201, 200, 199, 198])
SIMULATION = True
megic_num = 10
sample_len = 50
samples_num = megic_num * (key_length - sample_len) * (sample_len - window_size) = 133980
flip_probability = 0.22
insert_probability = 0.05
delete_probability = 0.05
result_df = 1758539
common_samples_df quantile = 0.6
common_samples_df = 622821
stitch_shift_size = 1
window_size = 21
allowCycle = False

RESULT_NUMBER = 1
original key(len=512):
00100101100000001010110000010100011011100100001100111100011111110000000101000111001100111100001110001000001110100100100010000111110110010100000001100011011001111110100111001101011111000101010110010011000110011111101011111001100101011101100000110111100001101101000100100001111101111010010001101110111010001100101010100000001011011000001000101001000100010111000101101100111001010101011100110011100001110010001000100111011111001111110101011011101010110000100000111001101110111101111100111101000010000011011101001001
candidate_key(len=310):
0010011110111011000010100011011010100011100011100011111100001001010000111001001100010011111110101111100110010101110110000011011110000110110100010010000111110111101001000110111011101000110010101010000000101101100000100010100100010001011100010110110011100101010101110011001110000111001000000010010001000101110001
key.find(candidate_key) = -1
levenshtein_edit_dist(key, candidate_key) = 
({'I': 0, 'DIST': 202, 'D': 202, 'F': 0}, [511, 510, 509, 507, 505, 503, 502, 500, 499, 497, 496, 495, 492, 491, 490, 489, 487, 486, 481, 479, 474, 469, 465, 462, 461, 457, 456, 452, 451, 450, 447, 446, 444, 443, 441, 437, 434, 433, 431, 429, 423, 422, 421, 420, 416, 412, 410, 406, 402, 401, 399, 396, 392, 389, 387, 385, 383, 380, 378, 377, 375, 373, 372, 371, 370, 369, 367, 365, 364, 363, 362, 360, 358, 357, 355, 354, 353, 352, 351, 350, 349, 348, 347, 346, 345, 344, 343, 342, 341, 340, 339, 338, 337, 336, 335, 334, 333, 332, 331, 330, 329, 328, 327, 326, 325, 324, 323, 322, 321, 320, 319, 318, 317, 316, 315, 314, 313, 312, 311, 310, 309, 308, 307, 306, 305, 304, 303, 302, 301, 300, 299, 298, 297, 296, 295, 294, 293, 292, 291, 290, 289, 288, 287, 286, 285, 284, 283, 282, 281, 280, 279, 278, 277, 276, 275, 274, 273, 272, 271, 270, 269, 268, 267, 266, 265, 264, 263, 262, 261, 260, 259, 258, 257, 256, 255, 254, 253, 252, 251, 250, 249, 248, 247, 246, 245, 244, 243, 242, 241, 240, 239, 238, 237, 236, 235, 234, 233, 232, 231, 230, 229, 228, 227, 226, 225, 224, 223, 222, 221, 220, 219, 218, 217, 216, 215, 214, 213, 212, 211, 210, 209, 208, 207, 204, 202, 201, 199, 197, 196, 194, 192, 191, 190, 188, 187, 186, 184, 181, 180, 179, 176, 174, 171, 170, 169, 166, 164, 163, 156, 154, 152, 149, 148, 147, 146, 145, 137, 135, 132, 131, 130, 124, 123, 120, 116, 113, 112, 111, 109, 108, 107, 106, 105, 104, 103, 100, 99, 96, 93, 89, 88, 85, 83, 82, 81, 80, 76, 73, 72, 71, 70, 69, 68, 67, 63, 62, 56, 53, 52, 51, 49, 47, 46, 41, 38, 35, 32, 29, 28, 26])
SIMULATION = True
megic_num = 30
sample_len = 50
samples_num = megic_num * (key_length - sample_len) * (sample_len - window_size) = 401940
flip_probability = 0.22
insert_probability = 0.05
delete_probability = 0.05
result_df = 2085228
common_samples_df quantile = 0.6
common_samples_df = 721467
stitch_shift_size = 1
window_size = 21
allowCycle = False

RESULT_NUMBER = 2
original key(len=512):
00100101100000001010110000010100011011100100001100111100011111110000000101000111001100111100001110001000001110100100100010000111110110010100000001100011011001111110100111001101011111000101010110010011000110011111101011111001100101011101100000110111100001101101000100100001111101111010010001101110111010001100101010100000001011011000001000101001000100010111000101101100111001010101011100110011100001110010001000100111011111001111110101011011101010110000100000111001101110111101111100111101000010000011011101001001
candidate_key(len=568):
0010100000100110110000001011011010001000101001100100010101010110111111011111100001000101100011001100111100011111010000000101000111001100111100001110001000001110100100100010000111110110010100000001100011011001111110100111001101011111000101010110010011000110011111101011111001100101011101100000110111100001101101000100100001111101111010010001101110111010001100101010100000001011011000001000101001000100010111000101101100111001010101011100110011100001110010001000100111011111001111110101011011101010110000100000111001101110111101111100111101000110000001010000010001001111
key.find(candidate_key) = -1
levenshtein_edit_dist(key, candidate_key) = 
({'I': 56, 'DIST': 61, 'D': 0, 'F': 5}, [511, 510, 509, 508, 507, 506, 505, 504, 500, 499, 498, 497, 496, 495, 494, 493, 492, 490, 489, 488, 487, 486, 485, 484, 483, 482, 481, 480, 479, 478, 477, 476, 475, 474, 473, 472, 471, 470, 469, 468, 467, 466, 465, 464, 463, 462, 461, 460, 459, 458, 457, 456, 455, 454, 453, 452, 451, 450, 449, 448, 447, 446, 445, 444, 443, 442, 441, 440, 439, 438, 437, 436, 435, 434, 433, 432, 431, 430, 429, 428, 427, 426, 425, 424, 423, 422, 421, 420, 419, 418, 417, 416, 415, 414, 413, 412, 411, 410, 409, 408, 407, 406, 405, 404, 403, 402, 401, 400, 399, 398, 397, 396, 395, 394, 393, 392, 391, 390, 389, 388, 387, 386, 385, 384, 383, 382, 381, 380, 379, 378, 377, 376, 375, 374, 373, 372, 371, 370, 369, 368, 367, 366, 365, 364, 363, 362, 361, 360, 359, 358, 357, 356, 355, 354, 353, 352, 351, 350, 349, 348, 347, 346, 345, 344, 343, 342, 341, 340, 339, 338, 337, 336, 335, 334, 333, 332, 331, 330, 329, 328, 327, 326, 325, 324, 323, 322, 321, 320, 319, 318, 317, 316, 315, 314, 313, 312, 311, 310, 309, 308, 307, 306, 305, 304, 303, 302, 301, 300, 299, 298, 297, 296, 295, 294, 293, 292, 291, 290, 289, 288, 287, 286, 285, 284, 283, 282, 281, 280, 279, 278, 277, 276, 275, 274, 273, 272, 271, 270, 269, 268, 267, 266, 265, 264, 263, 262, 261, 260, 259, 258, 257, 256, 255, 254, 253, 252, 251, 250, 249, 248, 247, 246, 245, 244, 243, 242, 241, 240, 239, 238, 237, 236, 235, 234, 233, 232, 231, 230, 229, 228, 227, 226, 225, 224, 223, 222, 221, 220, 219, 218, 217, 216, 215, 214, 213, 212, 211, 210, 209, 208, 207, 206, 205, 204, 203, 202, 201, 200, 199, 198, 197, 196, 195, 194, 193, 192, 191, 190, 189, 188, 187, 186, 185, 184, 183, 182, 181, 180, 179, 178, 177, 176, 175, 174, 173, 172, 171, 170, 169, 168, 167, 166, 165, 164, 163, 162, 161, 160, 159, 158, 157, 156, 155, 154, 153, 152, 151, 150, 149, 148, 147, 146, 145, 144, 143, 142, 141, 140, 139, 138, 137, 136, 135, 134, 133, 132, 131, 130, 129, 128, 127, 126, 125, 124, 123, 122, 121, 120, 119, 118, 117, 116, 115, 114, 113, 112, 111, 110, 109, 108, 107, 106, 105, 104, 103, 102, 101, 100, 99, 98, 97, 96, 95, 94, 93, 92, 91, 90, 89, 88, 87, 86, 85, 84, 83, 82, 81, 80, 79, 78, 77, 76, 75, 74, 73, 72, 71, 70, 69, 68, 67, 66, 65, 64, 63, 61, 60, 59, 58, 57, 56, 55, 54, 53, 52, 51, 50, 49, 48, 47, 46, 45, 44, 43, 42, 41, 40, 39, 38, 37, 36, 35, 34, 33, 32, 31, 30, 29, 28, 27, 26, 25, 24, 23, 22, 21, 20, 19, 18, 17, 16, 15, 14, 13, 12, 11, 10, 9, 8, 7, 6, 5, 4, 3, 2, 1, 0])
SIMULATION = True
megic_num = 50
sample_len = 50
samples_num = megic_num * (key_length - sample_len) * (sample_len - window_size) = 669900
flip_probability = 0.22
insert_probability = 0.05
delete_probability = 0.05
result_df = 2096608
common_samples_df quantile = 0.6
common_samples_df = 738064
stitch_shift_size = 1
window_size = 21
allowCycle = False
