
RESULT_NUMBER = 7
original key(len=512):
00000010001101000101011001111000100110101011110011011110111100011101110010111010100110000111011001010100001100100001000100010010001000110011010001000101010101100110011101111000100010011001101010101011101111001100110111011110111011110001111011101101110111001100101110111010101010011001100010000111011101100110010101010100010000110011001000100001000100000000000100010001001000100010001100110011010001000100010101010101011001100110011101110111100010001000100110011001101010101010101110111011110011001100110111011101
candidate_key(len=183):
000100100001000100010010001010110010100010001010101011001100110111000100010010010101010101101110011001101101110110111000111011011011011001100101101101010101001100110001000111011011001
key.find(candidate_key) = -1
levenshtein_edit_dist(key, candidate_key) = 
({'I': 0, 'DIST': 329, 'D': 329, 'F': 0}, [511, 510, 506, 505, 504, 502, 501, 500, 499, 497, 496, 493, 491, 490, 485, 484, 481, 477, 475, 474, 472, 471, 469, 468, 466, 465, 462, 460, 458, 456, 454, 452, 451, 448, 447, 444, 440, 436, 435, 434, 432, 431, 428, 427, 426, 425, 424, 423, 422, 421, 420, 418, 417, 416, 415, 413, 412, 411, 409, 408, 407, 405, 401, 400, 399, 398, 397, 393, 391, 389, 387, 386, 385, 383, 382, 378, 377, 374, 370, 369, 367, 363, 362, 361, 359, 347, 346, 345, 343, 338, 334, 333, 331, 330, 329, 327, 325, 321, 320, 317, 316, 315, 314, 313, 312, 310, 309, 308, 307, 306, 304, 303, 300, 299, 296, 292, 291, 288, 284, 283, 282, 280, 279, 278, 277, 276, 274, 273, 271, 270, 268, 265, 264, 261, 260, 259, 257, 255, 253, 250, 246, 243, 242, 239, 234, 233, 231, 227, 226, 223, 218, 217, 216, 214, 213, 211, 209, 207, 206, 201, 200, 197, 195, 194, 193, 191, 189, 188, 186, 185, 182, 180, 179, 178, 177, 175, 172, 168, 164, 162, 160, 159, 156])
SIMULATION = False
samples_num = 100000
result_df = 1874339
common_samples_df quantile = 0.9
common_samples_df = 95840
stitch_shift_size = 1
window_size = 30
allowCycle = False

RESULT_NUMBER = 8
original key(len=512):
00000010001101000101011001111000100110101011110011011110111100011101110010111010100110000111011001010100001100100001000100010010001000110011010001000101010101100110011101111000100010011001101010101011101111001100110111011110111011110001111011101101110111001100101110111010101010011001100010000111011101100110010101010100010000110011001000100001000100000000000100010001001000100010001100110011010001000100010101010101011001100110011101110111100010001000100110011001101010101010101110111011110011001100110111011101
candidate_key(len=324):
010100001101000101011001111011001010101110010111011100111011001011010100110000110100101010000110110000100010001001000100010011010001000101010101100110011011100010001001100101010101011011100110010110111011011100011101101101101100110010110110101010100110011000100001101101100110010101010100010000110111001000100001000100000000
key.find(candidate_key) = -1
levenshtein_edit_dist(key, candidate_key) = 
({'I': 0, 'DIST': 192, 'D': 188, 'F': 4}, [510, 506, 502, 499, 498, 495, 494, 491, 489, 485, 481, 477, 476, 475, 473, 471, 469, 468, 467, 465, 462, 460, 458, 457, 456, 455, 452, 451, 448, 444, 443, 442, 441, 436, 435, 432, 428, 427, 426, 424, 422, 420, 418, 416, 415, 414, 413, 412, 410, 409, 407, 406, 404, 401, 397, 396, 393, 391, 389, 387, 386, 385, 384, 381, 380, 378, 377, 376, 375, 374, 370, 369, 368, 367, 363, 362, 361, 359, 358, 347, 346, 343, 342, 338, 337, 334, 331, 329, 327, 326, 325, 321, 320, 319, 317, 315, 314, 312, 311, 309, 308, 306, 305, 304, 302, 301, 300, 299, 298, 296, 295, 294, 293, 292, 291, 290, 288, 284, 283, 282, 280, 279, 278, 276, 274, 272, 271, 270, 268, 265, 264, 261, 259, 257, 256, 255, 254, 253, 252, 251, 250, 249, 248, 246, 245, 243, 242, 239, 238, 234, 231, 227, 226, 223, 218, 217, 216, 214, 211, 209, 207, 206, 201, 200, 197, 195, 193, 192, 190, 188, 186, 184, 183, 182, 181, 180, 176, 175, 174, 172, 171, 168, 167, 164, 162, 160, 158, 156, 155, 154, 152, 150, 149, 148, 147, 146, 145, 144, 141, 139, 137, 136, 135, 133, 132, 131, 130, 129, 128, 127, 126, 125, 124, 123, 122, 121, 120, 119, 118, 117, 116, 115, 114, 113, 112, 111, 110, 108, 107, 106, 105, 104, 103, 102, 101, 100, 99, 98, 97, 96, 95, 94, 92, 91, 90, 88, 87, 86, 85, 84, 83, 82, 81, 80, 79, 78, 77, 76, 75, 73, 72, 71, 70, 69, 68, 66, 65, 64, 63, 62, 61, 59, 58, 57, 55, 54, 53, 52, 50, 49, 47, 46, 45, 44, 43, 41, 40, 39, 38, 37, 36, 34, 33, 32, 30, 28, 27, 26, 25, 24, 23, 22, 21, 20, 19, 18, 17, 16, 15, 14, 13, 12, 11, 10, 9, 8, 7, 5, 3, 1])
SIMULATION = False
samples_num = 300000
result_df = 4831066
common_samples_df quantile = 0.9
common_samples_df = 357094
stitch_shift_size = 1
window_size = 30
allowCycle = False

RESULT_NUMBER = 9
original key(len=512):
00000010001101000101011001111000100110101011110011011110111100011101110010111010100110000111011001010100001100100001000100010010001000110011010001000101010101100110011101111000100010011001101010101011101111001100110111011110111011110001111011101101110111001100101110111010101010011001100010000111011101100110010101010100010000110011001000100001000100000000000100010001001000100010001100110011010001000100010101010101011001100110011101110111100010001000100110011001101010101010101110111011110011001100110111011101
candidate_key(len=490):
0000000000000010101000011010001010110011100010011010101110011011101110001101100101101010011000011011001010100001100100001000100010010001000110010100010001010101011001100110111000100010011001101010101011011100110011011011101101110001110110110110110011001011011010101010011001100010000110110110011001010101010001000011001100100010000100010010000000010001000100100010001000100110011010001000100010101010101011001100110011011011100010001000100110011001101010101010101101101110011001100110110110
key.find(candidate_key) = -1
levenshtein_edit_dist(key, candidate_key) = 
({'I': 12, 'DIST': 49, 'D': 34, 'F': 3}, [510, 509, 508, 506, 505, 504, 502, 501, 500, 499, 498, 497, 496, 495, 494, 493, 492, 491, 490, 489, 488, 487, 485, 484, 483, 481, 480, 479, 477, 476, 475, 474, 473, 472, 471, 470, 469, 468, 467, 466, 465, 464, 463, 462, 461, 460, 459, 458, 457, 456, 455, 454, 453, 452, 451, 450, 449, 448, 447, 446, 445, 444, 443, 442, 441, 440, 439, 438, 436, 435, 434, 432, 431, 430, 428, 427, 426, 425, 424, 423, 422, 421, 420, 419, 418, 417, 416, 415, 414, 413, 412, 411, 410, 409, 408, 407, 406, 405, 404, 403, 402, 401, 400, 399, 398, 397, 396, 395, 394, 393, 392, 391, 390, 389, 388, 387, 386, 385, 384, 383, 381, 380, 379, 378, 377, 376, 375, 374, 373, 372, 371, 370, 369, 368, 367, 366, 365, 364, 363, 362, 361, 360, 359, 358, 357, 356, 355, 354, 353, 352, 351, 349, 348, 347, 346, 345, 344, 343, 342, 341, 340, 339, 338, 337, 336, 335, 334, 333, 332, 331, 330, 329, 328, 327, 326, 325, 324, 323, 322, 321, 320, 319, 318, 317, 316, 315, 314, 313, 312, 311, 310, 309, 308, 307, 306, 305, 304, 303, 302, 301, 300, 299, 298, 296, 295, 294, 292, 291, 290, 289, 288, 287, 286, 285, 284, 283, 282, 281, 280, 279, 278, 277, 276, 275, 274, 273, 272, 271, 270, 269, 268, 267, 265, 264, 263, 261, 260, 259, 258, 257, 256, 255, 254, 253, 252, 250, 249, 248, 246, 245, 244, 243, 242, 241, 239, 238, 237, 236, 234, 233, 232, 231, 230, 229, 227, 226, 225, 223, 222, 221, 220, 218, 217, 216, 214, 213, 212, 211, 210, 209, 208, 207, 206, 205, 204, 203, 201, 200, 199, 197, 196, 195, 194, 193, 192, 191, 190, 189, 188, 187, 186, 185, 184, 183, 182, 181, 180, 179, 178, 177, 176, 175, 174, 173, 172, 171, 170, 168, 167, 166, 164, 163, 162, 161, 160, 159, 158, 157, 156, 155, 154, 153, 152, 151, 150, 149, 148, 147, 146, 145, 144, 143, 142, 141, 140, 139, 137, 136, 135, 134, 133, 132, 131, 130, 129, 128, 127, 126, 125, 124, 123, 122, 121, 120, 119, 118, 117, 116, 115, 114, 113, 112, 111, 110, 109, 108, 107, 106, 105, 104, 103, 102, 101, 100, 99, 98, 97, 96, 95, 94, 93, 92, 91, 90, 88, 87, 86, 85, 84, 83, 82, 81, 80, 79, 78, 77, 76, 75, 73, 72, 71, 70, 69, 68, 66, 65, 64, 62, 61, 60, 59, 58, 57, 55, 54, 53, 52, 50, 49, 48, 47, 46, 45, 44, 43, 41, 40, 39, 38, 37, 36, 35, 34, 33, 32, 31, 30, 29, 28, 27, 26, 24, 23, 22, 21, 20, 19, 18, 17, 16, 15, 14, 13, 12, 11, 10, 9, 8, 7, 5, 4, 3, 2, 1, 0])
SIMULATION = False
samples_num = 600000
result_df = 8248837
common_samples_df quantile = 0.9
common_samples_df = 799816
stitch_shift_size = 1
window_size = 30
allowCycle = False

RESULT_NUMBER = 10
original key(len=512):
00000010001101000101011001111000100110101011110011011110111100011101110010111010100110000111011001010100001100100001000100010010001000110011010001000101010101100110011101111000100010011001101010101011101111001100110111011110111011110001111011101101110111001100101110111010101010011001100010000111011101100110010101010100010000110011001000100001000100000000000100010001001000100010001100110011010001000100010101010101011001100110011101110111100010001000100110011001101010101010101110111011110011001100110111011101
candidate_key(len=492):
000000000000001010100001101000101011001110001001101010111001101110111000110110010110101001100001101100101010000110010000100010001001000100011001101000100010101010110011001101110001000100110011010101010110111001100110110111011011100011101101101101100110010110110101010100110011000100001101101100110010101010100010000110011001000100001000100000000000100010001001000100010001100110011010001000100010101010101011001100110011011011100010001000100110011001101010101010101101101110011001100110110110
key.find(candidate_key) = -1
levenshtein_edit_dist(key, candidate_key) = 
({'I': 12, 'DIST': 46, 'D': 32, 'F': 2}, [510, 509, 508, 506, 505, 504, 502, 501, 500, 499, 498, 497, 496, 495, 494, 493, 492, 491, 490, 489, 488, 487, 485, 484, 483, 481, 480, 479, 477, 476, 475, 474, 473, 472, 471, 470, 469, 468, 467, 466, 465, 464, 463, 462, 461, 460, 459, 458, 457, 456, 455, 454, 453, 452, 451, 450, 449, 448, 447, 446, 445, 444, 443, 442, 441, 440, 439, 438, 436, 435, 434, 432, 431, 430, 428, 427, 426, 425, 424, 423, 422, 421, 420, 419, 418, 417, 416, 415, 414, 413, 412, 411, 410, 409, 408, 407, 406, 405, 404, 403, 402, 401, 400, 399, 398, 397, 396, 395, 394, 393, 392, 391, 390, 389, 388, 387, 386, 385, 384, 383, 382, 381, 380, 379, 378, 377, 376, 375, 374, 373, 372, 371, 370, 369, 368, 367, 366, 365, 364, 363, 362, 361, 360, 359, 358, 357, 356, 355, 354, 353, 352, 351, 350, 349, 348, 347, 346, 345, 344, 343, 342, 341, 340, 339, 338, 337, 336, 335, 334, 333, 332, 331, 330, 329, 328, 327, 326, 325, 324, 323, 322, 321, 320, 319, 318, 317, 316, 315, 314, 313, 312, 311, 310, 309, 308, 307, 306, 305, 304, 303, 302, 301, 300, 299, 298, 296, 295, 294, 292, 291, 290, 289, 288, 287, 286, 285, 284, 283, 282, 281, 280, 279, 278, 277, 276, 275, 274, 273, 272, 271, 270, 269, 268, 267, 265, 264, 263, 261, 260, 259, 258, 257, 256, 255, 254, 253, 252, 250, 249, 248, 246, 245, 244, 243, 242, 241, 239, 238, 237, 236, 234, 233, 232, 231, 230, 229, 227, 226, 225, 223, 222, 221, 220, 218, 217, 216, 214, 213, 212, 211, 210, 209, 208, 207, 206, 205, 204, 203, 201, 200, 199, 197, 196, 195, 194, 193, 192, 191, 190, 189, 188, 187, 186, 185, 184, 183, 182, 181, 180, 179, 178, 177, 176, 175, 174, 173, 172, 171, 170, 168, 167, 166, 164, 163, 162, 161, 160, 159, 158, 157, 156, 155, 154, 153, 152, 151, 150, 149, 148, 147, 146, 145, 144, 143, 142, 141, 140, 139, 138, 137, 136, 135, 134, 133, 132, 131, 130, 129, 128, 127, 126, 125, 124, 123, 122, 121, 120, 119, 118, 117, 116, 115, 114, 113, 112, 111, 110, 109, 108, 107, 106, 105, 104, 103, 102, 101, 100, 99, 98, 97, 96, 95, 94, 93, 92, 91, 90, 88, 87, 86, 85, 84, 83, 82, 81, 80, 79, 78, 77, 76, 75, 73, 72, 71, 70, 69, 68, 66, 65, 64, 62, 61, 60, 59, 58, 57, 55, 54, 53, 52, 50, 49, 48, 47, 46, 45, 44, 43, 41, 40, 39, 38, 37, 36, 35, 34, 33, 32, 31, 30, 29, 28, 27, 26, 24, 23, 22, 21, 20, 19, 18, 17, 16, 15, 14, 13, 12, 11, 10, 9, 8, 7, 5, 4, 3, 2, 1, 0])
SIMULATION = False
samples_num = 1000000
result_df = 11690205
common_samples_df quantile = 0.9
common_samples_df = 920193
stitch_shift_size = 1
window_size = 30
allowCycle = False

RESULT_NUMBER = 11
original key(len=512):
00000010001101000101011001111000100110101011110011011110111100011101110010111010100110000111011001010100001100100001000100010010001000110011010001000101010101100110011101111000100010011001101010101011101111001100110111011110111011110001111011101101110111001100101110111010101010011001100010000111011101100110010101010100010000110011001000100001000100000000000100010001001000100010001100110011010001000100010101010101011001100110011101110111100010001000100110011001101010101010101110111011110011001100110111011101
candidate_key(len=499):
0010001100100110100010101000111010101010110011101010011010101110011011101110001101100101101010011000011011001010100001100100001000100010010001000110011010001000101010101100110011011100010001001100110101010101101110011001101101110110111000111011011011011001100101101101010101001100110001000011011011001100101010101000100001100110010001000010001000000000001000100010010001000100011001100110100010001000101010101010110011001100110110111000100010001001100110011010101010101011011011100110011001101101100
key.find(candidate_key) = -1
levenshtein_edit_dist(key, candidate_key) = 
({'I': 15, 'DIST': 49, 'D': 28, 'F': 6}, [510, 509, 508, 506, 505, 504, 502, 501, 500, 499, 498, 497, 496, 495, 494, 493, 492, 491, 490, 489, 488, 487, 485, 484, 483, 481, 480, 479, 477, 476, 475, 474, 473, 472, 471, 470, 469, 468, 467, 466, 465, 464, 463, 462, 461, 460, 459, 458, 457, 456, 455, 454, 453, 452, 451, 450, 449, 448, 447, 446, 445, 444, 443, 442, 441, 440, 439, 438, 436, 435, 434, 432, 431, 430, 428, 427, 426, 425, 424, 423, 422, 421, 420, 419, 418, 417, 416, 415, 414, 413, 412, 411, 410, 409, 408, 407, 406, 405, 404, 403, 402, 401, 400, 399, 398, 397, 396, 395, 394, 393, 392, 391, 390, 389, 388, 387, 386, 385, 384, 383, 382, 381, 380, 379, 378, 377, 376, 375, 374, 373, 372, 371, 370, 369, 368, 367, 366, 365, 364, 363, 362, 361, 360, 359, 358, 357, 356, 355, 354, 353, 352, 351, 350, 349, 348, 347, 346, 345, 344, 343, 342, 341, 340, 339, 338, 337, 336, 335, 334, 333, 332, 331, 330, 329, 328, 327, 326, 325, 324, 323, 322, 321, 320, 319, 318, 317, 316, 315, 314, 313, 312, 311, 310, 309, 308, 307, 306, 305, 304, 303, 302, 301, 300, 299, 298, 296, 295, 294, 292, 291, 290, 289, 288, 287, 286, 285, 284, 283, 282, 281, 280, 279, 278, 277, 276, 275, 274, 273, 272, 271, 270, 269, 268, 267, 265, 264, 263, 261, 260, 259, 258, 257, 256, 255, 254, 253, 252, 250, 249, 248, 246, 245, 244, 243, 242, 241, 239, 238, 237, 236, 234, 233, 232, 231, 230, 229, 227, 226, 225, 223, 222, 221, 220, 218, 217, 216, 214, 213, 212, 211, 210, 209, 208, 207, 206, 205, 204, 203, 201, 200, 199, 197, 196, 195, 194, 193, 192, 191, 190, 189, 188, 187, 186, 185, 184, 183, 182, 181, 180, 179, 178, 177, 176, 175, 174, 173, 172, 171, 170, 168, 167, 166, 164, 163, 162, 161, 160, 159, 158, 157, 156, 155, 154, 153, 152, 151, 150, 149, 148, 147, 146, 145, 144, 143, 142, 141, 140, 139, 138, 137, 136, 135, 134, 133, 132, 131, 130, 129, 128, 127, 126, 125, 124, 123, 122, 121, 120, 119, 118, 117, 116, 115, 114, 113, 112, 111, 110, 109, 108, 107, 106, 105, 104, 103, 102, 101, 100, 99, 98, 97, 96, 95, 94, 93, 92, 91, 90, 88, 87, 86, 85, 84, 83, 82, 81, 80, 79, 78, 77, 76, 75, 73, 72, 71, 70, 69, 68, 66, 65, 64, 62, 61, 60, 59, 58, 57, 54, 53, 52, 51, 50, 49, 48, 46, 45, 44, 43, 42, 41, 40, 39, 38, 37, 36, 35, 34, 33, 32, 31, 30, 29, 28, 27, 26, 25, 24, 23, 21, 20, 19, 18, 17, 16, 15, 14, 13, 12, 11, 10, 9, 8, 7, 6, 4, 3, 2, 1, 0])
SIMULATION = False
samples_num = 2000000
result_df = 18687590
common_samples_df quantile = 0.9
common_samples_df = 1423777
stitch_shift_size = 1
window_size = 30
allowCycle = False

RESULT_NUMBER = 12
original key(len=512):
00000010001101000101011001111000100110101011110011011110111100011101110010111010100110000111011001010100001100100001000100010010001000110011010001000101010101100110011101111000100010011001101010101011101111001100110111011110111011110001111011101101110111001100101110111010101010011001100010000111011101100110010101010100010000110011001000100001000100000000000100010001001000100010001100110011010001000100010101010101011001100110011101110111100010001000100110011001101010101010101110111011110011001100110111011101
candidate_key(len=498):
001010101001100100001010100011010001010110011100010011010101110011011101110001101100101101010011000011011001010100001100100001000100010010001000110011010001000101010101100110011011100010001001100110101010101101110011001101101110110111000111011011011011001100101101101010101001100110001000011011011001100101010101000100001100110010001000010001000000000001000100010010001000100011001100110100010001000101010101010110011001100110110111000100010001001100110011010101010101011011011100110011001101101100
key.find(candidate_key) = -1
levenshtein_edit_dist(key, candidate_key) = 
({'I': 13, 'DIST': 50, 'D': 27, 'F': 10}, [510, 509, 508, 506, 505, 504, 502, 501, 500, 499, 498, 497, 496, 495, 494, 493, 492, 491, 490, 489, 488, 487, 485, 484, 483, 481, 480, 479, 477, 476, 475, 474, 473, 472, 471, 470, 469, 468, 467, 466, 465, 464, 463, 462, 461, 460, 459, 458, 457, 456, 455, 454, 453, 452, 451, 450, 449, 448, 447, 446, 445, 444, 443, 442, 441, 440, 439, 438, 436, 435, 434, 432, 431, 430, 428, 427, 426, 425, 424, 423, 422, 421, 420, 419, 418, 417, 416, 415, 414, 413, 412, 411, 410, 409, 408, 407, 406, 405, 404, 403, 402, 401, 400, 399, 398, 397, 396, 395, 394, 393, 392, 391, 390, 389, 388, 387, 386, 385, 384, 383, 382, 381, 380, 379, 378, 377, 376, 375, 374, 373, 372, 371, 370, 369, 368, 367, 366, 365, 364, 363, 362, 361, 360, 359, 358, 357, 356, 355, 354, 353, 352, 351, 350, 349, 348, 347, 346, 345, 344, 343, 342, 341, 340, 339, 338, 337, 336, 335, 334, 333, 332, 331, 330, 329, 328, 327, 326, 325, 324, 323, 322, 321, 320, 319, 318, 317, 316, 315, 314, 313, 312, 311, 310, 309, 308, 307, 306, 305, 304, 303, 302, 301, 300, 299, 298, 296, 295, 294, 292, 291, 290, 289, 288, 287, 286, 285, 284, 283, 282, 281, 280, 279, 278, 277, 276, 275, 274, 273, 272, 271, 270, 269, 268, 267, 265, 264, 263, 261, 260, 259, 258, 257, 256, 255, 254, 253, 252, 250, 249, 248, 246, 245, 244, 243, 242, 241, 239, 238, 237, 236, 234, 233, 232, 231, 230, 229, 227, 226, 225, 223, 222, 221, 220, 218, 217, 216, 214, 213, 212, 211, 210, 209, 208, 207, 206, 205, 204, 203, 201, 200, 199, 197, 196, 195, 194, 193, 192, 191, 190, 189, 188, 187, 186, 185, 184, 183, 182, 181, 180, 179, 178, 177, 176, 175, 174, 173, 172, 171, 170, 168, 167, 166, 164, 163, 162, 161, 160, 159, 158, 157, 156, 155, 154, 153, 152, 151, 150, 149, 148, 147, 146, 145, 144, 143, 142, 141, 140, 139, 138, 137, 136, 135, 134, 133, 132, 131, 130, 129, 128, 127, 126, 125, 124, 123, 122, 121, 120, 119, 118, 117, 116, 115, 114, 113, 112, 111, 110, 109, 108, 107, 106, 105, 104, 103, 102, 101, 100, 99, 98, 97, 96, 95, 94, 93, 92, 91, 90, 88, 87, 86, 85, 84, 83, 82, 81, 80, 79, 78, 77, 76, 75, 74, 73, 72, 71, 70, 69, 68, 67, 66, 65, 64, 63, 62, 61, 60, 59, 58, 57, 56, 55, 54, 52, 51, 50, 48, 47, 46, 44, 43, 42, 41, 38, 37, 36, 34, 32, 31, 30, 29, 28, 26, 25, 24, 23, 21, 20, 19, 18, 17, 16, 15, 14, 13, 12, 11, 10, 9, 8, 7, 6, 5, 3, 1, 0])
SIMULATION = False
samples_num = 3500000
result_df = 26910210
common_samples_df quantile = 0.9
common_samples_df = 2475150
stitch_shift_size = 1
window_size = 30
allowCycle = False
