
RESULT_NUMBER = 0
original key(len=512):
00100101100000001010110000010100011011100100001100111100011111110000000101000111001100111100001110001000001110100100100010000111110110010100000001100011011001111110100111001101011111000101010110010011000110011111101011111001100101011101100000110111100001101101000100100001111101111010010001101110111010001100101010100000001011011000001000101001000100010111000101101100111001010101011100110011100001110010001000100111011111001111110101011011101010110000100000111001101110111101111100111101000010000011011101001001
candidate_key(len=169):
0100110001001001100110001011101001011000001001111000011011010011001000010110110000010001010010001000101110001011101111100111111010101111110101010011101010110000111011100
key.find(candidate_key) = -1
levenshtein_edit_dist(key, candidate_key) = 
({'I': 0, 'DIST': 343, 'D': 343, 'F': 0}, [510, 509, 508, 505, 503, 500, 499, 498, 492, 491, 490, 489, 488, 487, 485, 481, 479, 474, 473, 469, 468, 467, 466, 465, 462, 460, 457, 452, 451, 447, 445, 444, 442, 440, 439, 438, 436, 434, 433, 432, 431, 430, 429, 428, 427, 426, 425, 424, 423, 422, 421, 420, 419, 418, 417, 416, 415, 414, 413, 412, 410, 409, 408, 407, 406, 402, 399, 396, 392, 389, 388, 385, 383, 380, 378, 376, 375, 374, 372, 370, 367, 365, 363, 360, 358, 355, 352, 350, 349, 348, 346, 343, 340, 339, 338, 334, 333, 328, 326, 323, 321, 320, 314, 313, 311, 310, 308, 307, 306, 305, 303, 300, 298, 295, 294, 293, 291, 288, 287, 286, 285, 282, 280, 279, 276, 270, 266, 265, 264, 262, 261, 260, 259, 257, 255, 254, 252, 251, 248, 244, 243, 242, 236, 234, 233, 230, 228, 226, 224, 223, 222, 221, 220, 219, 215, 213, 212, 206, 205, 204, 202, 201, 200, 199, 198, 197, 196, 195, 194])
SIMULATION = True
megic_num = 10
sample_len = 50
samples_num = megic_num * (key_length - sample_len) * (sample_len - window_size) = 138600
flip_probability = 0.22
insert_probability = 0.05
delete_probability = 0.05
result_df = 1024935
common_samples_df quantile = 0.6
common_samples_df = 398326
stitch_shift_size = 1
window_size = 20
allowCycle = False

RESULT_NUMBER = 1
original key(len=512):
00100101100000001010110000010100011011100100001100111100011111110000000101000111001100111100001110001000001110100100100010000111110110010100000001100011011001111110100111001101011111000101010110010011000110011111101011111001100101011101100000110111100001101101000100100001111101111010010001101110111010001100101010100000001011011000001000101001000100010111000101101100111001010101011100110011100001110010001000100111011111001111110101011011101010110000100000111001101110111101111100111101000010000011011101001001
candidate_key(len=169):
0111110110011001110111100011011010001000110010011000110011111101011111001100101011101100000110111100001111110000000000001011100110111011111011111001111110100011100111001
key.find(candidate_key) = -1
levenshtein_edit_dist(key, candidate_key) = 
({'I': 0, 'DIST': 343, 'D': 343, 'F': 0}, [511, 510, 509, 508, 505, 503, 500, 497, 492, 487, 485, 481, 480, 474, 473, 469, 468, 467, 466, 464, 463, 460, 457, 456, 452, 447, 446, 444, 442, 441, 440, 439, 438, 436, 435, 434, 433, 431, 429, 423, 421, 420, 416, 412, 410, 406, 402, 401, 399, 396, 395, 394, 393, 389, 388, 385, 384, 380, 378, 376, 374, 373, 370, 369, 368, 365, 364, 363, 360, 358, 357, 355, 354, 353, 351, 350, 347, 343, 342, 341, 339, 337, 336, 334, 328, 326, 325, 324, 322, 321, 314, 313, 312, 311, 309, 308, 305, 303, 302, 300, 298, 297, 296, 294, 291, 290, 288, 285, 282, 280, 279, 278, 277, 276, 270, 266, 263, 262, 261, 260, 259, 257, 255, 252, 248, 244, 241, 236, 235, 234, 230, 228, 227, 226, 225, 222, 220, 215, 214, 212, 206, 204, 203, 202, 201, 200, 199, 198, 195, 192, 190, 189, 187, 185, 184, 183, 181, 180, 176, 174, 173, 172, 171, 169, 168, 167, 164, 162, 156])
SIMULATION = True
megic_num = 20
sample_len = 50
samples_num = megic_num * (key_length - sample_len) * (sample_len - window_size) = 277200
flip_probability = 0.22
insert_probability = 0.05
delete_probability = 0.05
result_df = 1047862
common_samples_df quantile = 0.6
common_samples_df = 321028
stitch_shift_size = 1
window_size = 20
allowCycle = False

RESULT_NUMBER = 2
original key(len=512):
00100101100000001010110000010100011011100100001100111100011111110000000101000111001100111100001110001000001110100100100010000111110110010100000001100011011001111110100111001101011111000101010110010011000110011111101011111001100101011101100000110111100001101101000100100001111101111010010001101110111010001100101010100000001011011000001000101001000100010111000101101100111001010101011100110011100001110010001000100111011111001111110101011011101010110000100000111001101110111101111100111101000010000011011101001001
candidate_key(len=356):
01110000011001000101000100000000111011000100001100011111001111110100011100110001011101000000011011110000110110100010010000111110111101001000110111011101000110010101010000000101101100000100010100100010001011100010110110011100101010101110011001110000111001000100010011101111100111111100000001010001110011001111000011100010000011101001000000000001111001111101
key.find(candidate_key) = -1
levenshtein_edit_dist(key, candidate_key) = 
({'I': 0, 'DIST': 179, 'D': 156, 'F': 23}, [511, 510, 508, 505, 504, 502, 501, 499, 498, 497, 496, 495, 494, 493, 491, 490, 489, 488, 486, 485, 482, 481, 479, 478, 474, 472, 469, 468, 467, 466, 465, 462, 461, 460, 459, 458, 456, 455, 452, 451, 450, 447, 446, 445, 443, 442, 441, 440, 437, 434, 432, 431, 429, 428, 427, 426, 425, 424, 423, 422, 421, 420, 419, 418, 417, 416, 415, 414, 413, 412, 411, 410, 409, 408, 407, 406, 405, 404, 403, 402, 401, 400, 399, 398, 397, 396, 395, 394, 393, 392, 391, 390, 389, 388, 387, 386, 385, 384, 383, 382, 381, 380, 379, 378, 377, 376, 375, 374, 373, 372, 371, 370, 369, 368, 367, 366, 365, 364, 363, 362, 361, 360, 359, 358, 357, 356, 355, 354, 353, 352, 351, 350, 349, 348, 347, 346, 345, 344, 343, 342, 341, 340, 339, 338, 337, 336, 335, 334, 333, 332, 331, 330, 329, 328, 327, 326, 325, 324, 323, 322, 321, 320, 319, 318, 317, 316, 315, 314, 313, 312, 311, 310, 309, 308, 307, 306, 305, 304, 303, 302, 301, 300, 299, 298, 297, 296, 295, 294, 293, 292, 291, 290, 289, 288, 287, 286, 285, 284, 283, 282, 281, 280, 279, 278, 277, 276, 275, 274, 273, 272, 271, 270, 269, 268, 267, 266, 265, 264, 263, 262, 261, 260, 259, 258, 257, 256, 255, 254, 253, 252, 251, 250, 249, 248, 247, 246, 245, 244, 243, 242, 241, 240, 239, 238, 237, 234, 230, 229, 228, 227, 224, 223, 222, 220, 215, 213, 206, 204, 203, 202, 201, 199, 198, 195, 194, 193, 190, 189, 188, 187, 185, 181, 180, 179, 178, 176, 174, 173, 172, 169, 168, 167, 166, 165, 163, 162, 161, 156, 155, 152, 149, 146, 144, 143, 142, 137, 135, 134, 132, 131, 129, 124, 123, 122, 121, 119, 118, 117, 115, 113, 112, 111, 109, 108, 105, 100, 99, 98, 97, 96, 93, 92, 89, 88, 85, 84, 81, 80, 76, 73, 71, 63, 56])
SIMULATION = True
megic_num = 30
sample_len = 50
samples_num = megic_num * (key_length - sample_len) * (sample_len - window_size) = 415800
flip_probability = 0.22
insert_probability = 0.05
delete_probability = 0.05
result_df = 1048543
common_samples_df quantile = 0.6
common_samples_df = 358157
stitch_shift_size = 1
window_size = 20
allowCycle = False

RESULT_NUMBER = 3
original key(len=512):
00100101100000001010110000010100011011100100001100111100011111110000000101000111001100111100001110001000001110100100100010000111110110010100000001100011011001111110100111001101011111000101010110010011000110011111101011111001100101011101100000110111100001101101000100100001111101111010010001101110111010001100101010100000001011011000001000101001000100010111000101101100111001010101011100110011100001110010001000100111011111001111110101011011101010110000100000111001101110111101111100111101000010000011011101001001
candidate_key(len=565):
0011111111010011000100000111110000010001000011101000100101010101011000010100011011100100001100111100011111110000000101000111001100111100001110001000001110100100100010000111110110010100000001100011011001111110100111001101011111000101010110010011000110011111101011111001100101011101100000110111100001101101000100100001111101111010010001101110111010001100101010100000001011011000001000101001000100010111000101101100111001010101011100110011100001110010001000100111011111001111110101011011101010110000100000111001101110111101111100111101000010000011011101000010011100001
key.find(candidate_key) = -1
levenshtein_edit_dist(key, candidate_key) = 
({'I': 53, 'DIST': 53, 'D': 0, 'F': 0}, [511, 510, 509, 508, 507, 506, 505, 504, 503, 502, 501, 500, 499, 498, 497, 496, 495, 494, 493, 492, 491, 490, 489, 488, 487, 486, 485, 484, 483, 482, 481, 480, 479, 478, 477, 476, 475, 474, 473, 472, 471, 470, 469, 468, 467, 466, 465, 464, 463, 462, 461, 460, 459, 458, 457, 456, 455, 454, 453, 452, 451, 450, 449, 448, 447, 446, 445, 444, 443, 442, 441, 440, 439, 438, 437, 436, 435, 434, 433, 432, 431, 430, 429, 428, 427, 426, 425, 424, 423, 422, 421, 420, 419, 418, 417, 416, 415, 414, 413, 412, 411, 410, 409, 408, 407, 406, 405, 404, 403, 402, 401, 400, 399, 398, 397, 396, 395, 394, 393, 392, 391, 390, 389, 388, 387, 386, 385, 384, 383, 382, 381, 380, 379, 378, 377, 376, 375, 374, 373, 372, 371, 370, 369, 368, 367, 366, 365, 364, 363, 362, 361, 360, 359, 358, 357, 356, 355, 354, 353, 352, 351, 350, 349, 348, 347, 346, 345, 344, 343, 342, 341, 340, 339, 338, 337, 336, 335, 334, 333, 332, 331, 330, 329, 328, 327, 326, 325, 324, 323, 322, 321, 320, 319, 318, 317, 316, 315, 314, 313, 312, 311, 310, 309, 308, 307, 306, 305, 304, 303, 302, 301, 300, 299, 298, 297, 296, 295, 294, 293, 292, 291, 290, 289, 288, 287, 286, 285, 284, 283, 282, 281, 280, 279, 278, 277, 276, 275, 274, 273, 272, 271, 270, 269, 268, 267, 266, 265, 264, 263, 262, 261, 260, 259, 258, 257, 256, 255, 254, 253, 252, 251, 250, 249, 248, 247, 246, 245, 244, 243, 242, 241, 240, 239, 238, 237, 236, 235, 234, 233, 232, 231, 230, 229, 228, 227, 226, 225, 224, 223, 222, 221, 220, 219, 218, 217, 216, 215, 214, 213, 212, 211, 210, 209, 208, 207, 206, 205, 204, 203, 202, 201, 200, 199, 198, 197, 196, 195, 194, 193, 192, 191, 190, 189, 188, 187, 186, 185, 184, 183, 182, 181, 180, 179, 178, 177, 176, 175, 174, 173, 172, 171, 170, 169, 168, 167, 166, 165, 164, 163, 162, 161, 160, 159, 158, 157, 156, 155, 154, 153, 152, 151, 150, 149, 148, 147, 146, 145, 144, 143, 142, 141, 140, 139, 138, 137, 136, 135, 134, 133, 132, 131, 130, 129, 128, 127, 126, 125, 124, 123, 122, 121, 120, 119, 118, 117, 116, 115, 114, 113, 112, 111, 110, 109, 108, 107, 106, 105, 104, 103, 102, 101, 100, 99, 98, 97, 96, 95, 94, 93, 92, 91, 90, 89, 88, 87, 86, 85, 84, 83, 82, 81, 80, 79, 78, 77, 76, 75, 74, 73, 72, 71, 70, 69, 68, 67, 66, 65, 64, 63, 62, 61, 60, 59, 58, 57, 56, 55, 54, 53, 52, 51, 50, 49, 48, 47, 46, 45, 44, 43, 42, 41, 40, 39, 38, 37, 36, 35, 34, 33, 32, 31, 30, 29, 28, 27, 26, 25, 24, 23, 22, 21, 20, 19, 18, 17, 16, 15, 14, 13, 12, 11, 10, 9, 8, 7, 6, 5, 4, 3, 2, 1, 0])
SIMULATION = True
megic_num = 50
sample_len = 50
samples_num = megic_num * (key_length - sample_len) * (sample_len - window_size) = 693000
flip_probability = 0.22
insert_probability = 0.05
delete_probability = 0.05
result_df = 1048576
common_samples_df quantile = 0.6
common_samples_df = 394434
stitch_shift_size = 1
window_size = 20
allowCycle = False

RESULT_NUMBER = 4
original key(len=512):
00100101100000001010110000010100011011100100001100111100011111110000000101000111001100111100001110001000001110100100100010000111110110010100000001100011011001111110100111001101011111000101010110010011000110011111101011111001100101011101100000110111100001101101000100100001111101111010010001101110111010001100101010100000001011011000001000101001000100010111000101101100111001010101011100110011100001110010001000100111011111001111110101011011101010110000100000111001101110111101111100111101000010000011011101001001
candidate_key(len=578):
11011100000011001010011001000011100110110100000011000111100111111010000000010101110000101000110111001000011001111000111111100000001010001110011001111000011100010000011101001001000100001111101100101000000011000110110011111101001110011010111110001010101100100110001100111111010111110011001010111011000001101111000011011010001001000011111011110100100011011101110100011001010101000000010110110000010001010010001000101110001011011001110010101010111001100111000011100100010001001110111110011111101010110111010101100001000001110011011101111011111001111010000100000110111010000100111000
key.find(candidate_key) = -1
levenshtein_edit_dist(key, candidate_key) = 
({'I': 66, 'DIST': 66, 'D': 0, 'F': 0}, [511, 510, 509, 508, 507, 506, 505, 504, 503, 502, 501, 500, 499, 498, 497, 496, 495, 494, 493, 492, 491, 490, 489, 488, 487, 486, 485, 484, 483, 482, 481, 480, 479, 478, 477, 476, 475, 474, 473, 472, 471, 470, 469, 468, 467, 466, 465, 464, 463, 462, 461, 460, 459, 458, 457, 456, 455, 454, 453, 452, 451, 450, 449, 448, 447, 446, 445, 444, 443, 442, 441, 440, 439, 438, 437, 436, 435, 434, 433, 432, 431, 430, 429, 428, 427, 426, 425, 424, 423, 422, 421, 420, 419, 418, 417, 416, 415, 414, 413, 412, 411, 410, 409, 408, 407, 406, 405, 404, 403, 402, 401, 400, 399, 398, 397, 396, 395, 394, 393, 392, 391, 390, 389, 388, 387, 386, 385, 384, 383, 382, 381, 380, 379, 378, 377, 376, 375, 374, 373, 372, 371, 370, 369, 368, 367, 366, 365, 364, 363, 362, 361, 360, 359, 358, 357, 356, 355, 354, 353, 352, 351, 350, 349, 348, 347, 346, 345, 344, 343, 342, 341, 340, 339, 338, 337, 336, 335, 334, 333, 332, 331, 330, 329, 328, 327, 326, 325, 324, 323, 322, 321, 320, 319, 318, 317, 316, 315, 314, 313, 312, 311, 310, 309, 308, 307, 306, 305, 304, 303, 302, 301, 300, 299, 298, 297, 296, 295, 294, 293, 292, 291, 290, 289, 288, 287, 286, 285, 284, 283, 282, 281, 280, 279, 278, 277, 276, 275, 274, 273, 272, 271, 270, 269, 268, 267, 266, 265, 264, 263, 262, 261, 260, 259, 258, 257, 256, 255, 254, 253, 252, 251, 250, 249, 248, 247, 246, 245, 244, 243, 242, 241, 240, 239, 238, 237, 236, 235, 234, 233, 232, 231, 230, 229, 228, 227, 226, 225, 224, 223, 222, 221, 220, 219, 218, 217, 216, 215, 214, 213, 212, 211, 210, 209, 208, 207, 206, 205, 204, 203, 202, 201, 200, 199, 198, 197, 196, 195, 194, 193, 192, 191, 190, 189, 188, 187, 186, 185, 184, 183, 182, 181, 180, 179, 178, 177, 176, 175, 174, 173, 172, 171, 170, 169, 168, 167, 166, 165, 164, 163, 162, 161, 160, 159, 158, 157, 156, 155, 154, 153, 152, 151, 150, 149, 148, 147, 146, 145, 144, 143, 142, 141, 140, 139, 138, 137, 136, 135, 134, 133, 132, 131, 130, 129, 128, 127, 126, 125, 124, 123, 122, 121, 120, 119, 118, 117, 116, 115, 114, 113, 112, 111, 110, 109, 108, 107, 106, 105, 104, 103, 102, 101, 100, 99, 98, 97, 96, 95, 94, 93, 92, 91, 90, 89, 88, 87, 86, 85, 84, 83, 82, 81, 80, 79, 78, 77, 76, 75, 74, 73, 72, 71, 70, 69, 68, 67, 66, 65, 64, 63, 62, 61, 60, 59, 58, 57, 56, 55, 54, 53, 52, 51, 50, 49, 48, 47, 46, 45, 44, 43, 42, 41, 40, 39, 38, 37, 36, 35, 34, 33, 32, 31, 30, 29, 28, 27, 26, 25, 24, 23, 22, 21, 20, 19, 18, 17, 16, 15, 14, 13, 12, 11, 10, 9, 8, 7, 6, 5, 4, 3, 2, 1, 0])
SIMULATION = True
megic_num = 100
sample_len = 50
samples_num = megic_num * (key_length - sample_len) * (sample_len - window_size) = 1386000
flip_probability = 0.22
insert_probability = 0.05
delete_probability = 0.05
result_df = 1048576
common_samples_df quantile = 0.6
common_samples_df = 389090
stitch_shift_size = 1
window_size = 20
allowCycle = False

RESULT_NUMBER = 5
original key(len=512):
00100101100000001010110000010100011011100100001100111100011111110000000101000111001100111100001110001000001110100100100010000111110110010100000001100011011001111110100111001101011111000101010110010011000110011111101011111001100101011101100000110111100001101101000100100001111101111010010001101110111010001100101010100000001011011000001000101001000100010111000101101100111001010101011100110011100001110010001000100111011111001111110101011011101010110000100000111001101110111101111100111101000010000011011101001001
candidate_key(len=558):
100100111111101010111011000100111011101000111010101010000000001101100000100010000100110111111001111110000000010100011100110011110000111000100000111010010010001000011111011001010000000110001101100111111010011100110101111100010101011001001100011001111110101111100110010101110110000011011110000110110100010010000111110111101001000110111011101000110010101010000000101101100000100010100100010001011100010110110011100101010101110011001110000111001000100010011101111100111111010101101110101011000010000011100110111011110111110011110100001000001101110100001001101101
key.find(candidate_key) = -1
levenshtein_edit_dist(key, candidate_key) = 
({'I': 46, 'DIST': 50, 'D': 0, 'F': 4}, [511, 510, 509, 508, 507, 506, 505, 504, 503, 502, 501, 500, 499, 498, 497, 496, 495, 494, 493, 492, 491, 490, 489, 488, 487, 486, 485, 484, 483, 482, 481, 480, 479, 478, 477, 476, 475, 474, 473, 472, 471, 470, 469, 468, 467, 466, 465, 464, 463, 462, 461, 460, 459, 458, 457, 456, 455, 454, 453, 452, 451, 450, 449, 448, 447, 446, 445, 444, 443, 442, 441, 440, 439, 438, 437, 436, 435, 434, 433, 432, 431, 430, 429, 428, 427, 426, 425, 424, 423, 422, 421, 420, 419, 418, 417, 416, 415, 414, 413, 412, 411, 410, 409, 408, 407, 406, 405, 404, 403, 402, 401, 400, 399, 398, 397, 396, 395, 394, 393, 392, 391, 390, 389, 388, 387, 386, 385, 384, 383, 382, 381, 380, 379, 378, 377, 376, 375, 374, 373, 372, 371, 370, 369, 368, 367, 366, 365, 364, 363, 362, 361, 360, 359, 358, 357, 356, 355, 354, 353, 352, 351, 350, 349, 348, 347, 346, 345, 344, 343, 342, 341, 340, 339, 338, 337, 336, 335, 334, 333, 332, 331, 330, 329, 328, 327, 326, 325, 324, 323, 322, 321, 320, 319, 318, 317, 316, 315, 314, 313, 312, 311, 310, 309, 308, 307, 306, 305, 304, 303, 302, 301, 300, 299, 298, 297, 296, 295, 294, 293, 292, 291, 290, 289, 288, 287, 286, 285, 284, 283, 282, 281, 280, 279, 278, 277, 276, 275, 274, 273, 272, 271, 270, 269, 268, 267, 266, 265, 264, 263, 262, 261, 260, 259, 258, 257, 256, 255, 254, 253, 252, 251, 250, 249, 248, 247, 246, 245, 244, 243, 242, 241, 240, 239, 238, 237, 236, 235, 234, 233, 232, 231, 230, 229, 228, 227, 226, 225, 224, 223, 222, 221, 220, 219, 218, 217, 216, 215, 214, 213, 212, 211, 210, 209, 208, 207, 206, 205, 204, 203, 202, 201, 200, 199, 198, 197, 196, 195, 194, 193, 192, 191, 190, 189, 188, 187, 186, 185, 184, 183, 182, 181, 180, 179, 178, 177, 176, 175, 174, 173, 172, 171, 170, 169, 168, 167, 166, 165, 164, 163, 162, 161, 160, 159, 158, 157, 156, 155, 154, 153, 152, 151, 150, 149, 148, 147, 146, 145, 144, 143, 142, 141, 140, 139, 138, 137, 136, 135, 134, 133, 132, 131, 130, 129, 128, 127, 126, 125, 124, 123, 122, 121, 120, 119, 118, 117, 116, 115, 114, 113, 112, 111, 110, 109, 108, 107, 106, 105, 104, 103, 102, 101, 100, 99, 98, 97, 96, 95, 94, 93, 92, 91, 90, 89, 88, 87, 86, 85, 84, 83, 82, 81, 80, 79, 78, 77, 76, 75, 74, 73, 72, 71, 70, 69, 68, 67, 66, 65, 64, 62, 61, 60, 59, 58, 57, 56, 55, 53, 52, 51, 50, 48, 47, 46, 45, 44, 43, 42, 41, 40, 39, 38, 37, 36, 35, 34, 33, 32, 31, 30, 29, 28, 27, 26, 25, 24, 23, 22, 20, 19, 18, 17, 16, 15, 14, 13, 12, 11, 10, 9, 8, 7, 6, 5, 4, 3, 2, 1, 0])
SIMULATION = True
megic_num = 120
sample_len = 50
samples_num = megic_num * (key_length - sample_len) * (sample_len - window_size) = 1663200
flip_probability = 0.22
insert_probability = 0.05
delete_probability = 0.05
result_df = 1048576
common_samples_df quantile = 0.6
common_samples_df = 399659
stitch_shift_size = 1
window_size = 20
allowCycle = False
